401.1931036326091 0.2344791994113923
787.8163439565803 0.1324396853619237
406.5721394526164 0.22937546800613412
592.2555063515687 0.18133640509315882
667.1353942401593 0.1458672881481482
730.6434247812123 0.13881703790917943
592.2555063515687 0.18133640509315882
605.2318693534654 0.15726467431218374
765.6129633577787 0.1333646909962459
746.8835851174377 0.1365917639268198
401.1931036326091 0.2344791994113923
406.5721394526164 0.22937546800613412
638.24188571167 0.1488220985606063
615.0235851174378 0.15328259439941797
641.3618780611479 0.14732687465371638
605.9785360201321 0.15550223183628173
612.0585360201321 0.15432444702497475
628.0459406127928 0.14888683695055815
649.7680469681178 0.14724353495551845
664.3193942401592 0.14636436370370376
617.5958087533803 0.15211125827170913
608.9435851174378 0.15547946809961383
650.3890222340119 0.14643822702684411
627.2992739461262 0.15190776422688412
784.0940469681177 0.1330507916762371
622.0849184507712 0.152037410881655
730.6434247812123 0.13881703790917943
731.390091447879 0.13680456259774756
665.5983214220878 0.14592840336246982
779.3580469681177 0.1330871338984593
605.2318693534654 0.15726467431218374
777.7150960654234 0.13326843016179138
786.407654755421 0.13250483039533176
643.4530960654234 0.14729059344107281
627.2992739461262 0.15190776422688412
629.3035032810309 0.14883939933431117
769.9500469681177 0.13330932723179265
609.4938549953363 0.15440177787058532
742.254536020132 0.1366085965523766
656.1273942401592 0.14637709259259263
738.6065360201321 0.1366662565523766
652.9913942401593 0.1464011570370371
618.3101911840193 0.1520803486091153
784.9651490619366 0.1327323517443974
774.387380301451 0.13329256575031118
784.9651490619366 0.1327323517443974
734.2542517841044 0.13672537651941238
731.390091447879 0.13680456259774756
734.2542517841044 0.13672537651941238
740.7395851174376 0.13666286614904202
609.4938549953363 0.15440177787058532
746.8835851174377 0.1365917639268198