10002.505149086 33.614116132529126
40565.61005647787 26.89103
24991.30744840808 27.842431110258396
39029.733734142595 26.95106888888889
10069.653042717764 33.61307349914729
13092.095670848355 33.44384619582826
22805.8905145205 29.373877128739025
31970.791287317523 26.95411047777778
24929.03975425818 28.076000804765084
31897.49579996276 27.015199339158347
27186.91543296736 27.683459195695754
16034.0926585351 33.20468411475902
19870.562889410558 30.417624443591727
20833.048863314114 30.358049086631848
21552.516051377515 29.58311416581395
22848.202677664733 29.20060477692506
13156.351096123328 33.442427499147286
14495.134495330027 33.250624585901704
17875.49604625604 31.54484903248062
16474.898462973568 32.76225783248062
18716.49505868452 31.287451084803028
17306.456885571406 32.17962033686167
17369.648222817446 31.789307365813947
23489.666628745057 28.53720677692506
16833.129153382914 32.369096888036175
23345.82802456313 28.871079716548508
28413.05546816234 27.058638110258396
19813.663855348244 30.649307779244946
23930.567250384207 28.19799214444444
19447.133234247452 30.753384865813956
16179.757672848042 32.9857967238501
17813.65805169482 31.545973186643998
23870.917252773383 28.258787265813954
27310.388729701514 27.119449505825013
19378.284340492053 30.9249872429992
40563.63672314453 26.891060833333334
18769.033466922858 31.286297699147287
19064.772107730572 31.023295181312275
14540.13782866336 33.249876499147284
27197.32207180708 27.682848307743836
27368.381111404815 27.11867699914729
28362.71557426218 27.059333096632724
21494.07795943588 29.58430628444964
20892.339352678347 30.125970943591728
16577.00651260161 32.427528276828234
21430.405337527936 30.057245182964355
16036.369174437303 33.03424685420703
19102.096659906634 31.022372199147288
21434.815039315246 30.05637998552161
23447.43939850382 28.70855444099625
17354.074889484113 31.96789553993839
23403.48747297238 28.87024464651181
16587.59893798104 32.42721709663272
20881.747352678347 30.12614034359173
23930.247946062136 28.258132365813953
13101.090036609356 33.44312394107717
17818.490819022543 31.545560790859327
18717.292032897167 31.287104434114273
23350.89509525436 28.87040461308155
23870.917252773383 28.258787265813954
28407.604801495676 27.058723276925065
14529.055161996694 33.25039352956064
23930.567250384207 28.19799214444444
27190.644372712748 27.683082847023073
28413.05546816234 27.058638110258396