0.7069663520197467
0.720148720413342
0.7318344599588832
0.73558464518919
0.7408260638512955
0.7502149675904753
0.7537929577898943
0.75245900274704
0.7536947755813566
0.7526527307897172
0.7538270950671213
0.7547616697484674
0.7579581844258061
0.762449290008244
0.7684605849279544
0.7654420464793412
0.7609281609570702
0.7651637871280624
0.7695484813284175
0.7710022312403358
0.7664456233756277
0.7625217973696737
0.7653583928130375
0.7653707969859219
0.7660997487844047
0.7653719896069653
0.764222257888041
0.7605520750258885
0.7643949329427363
0.7696819307575726
0.7671811719558341
0.7647232846756532
0.7659153256266206
0.761942249719564
0.7597732965054962
0.76027980096154
0.7590126907929708
0.760505886093455
0.7677195780094572
0.7627308876553814
0.7668927307567072
0.7646834603993071
0.7630418084097398
0.7667776262231556
0.7692188404185397
0.7722037958727237
0.7713394380397598
0.7753905866268347
0.774227267523354
0.7721990562623727
0.7709613465143929
0.7714867290034724
0.7735413448676862
0.7725277444711364
0.7710472153666682
0.7729805740645662
0.7745432978222104
0.7704477574831228
0.7711488093282602
0.7760098745298941
0.7789732534595859
0.7797445272847239
0.7784042343599578
0.7804109876610261
0.7740128878386204
0.7732583979599928
0.7789380191817001
0.7769628818111312
0.7774587392942595
0.7736122221918477
0.7680724438950464
0.7708464617678072
0.7683638775268916
0.7792368651836484
0.7764825209867461
0.7818262730660263
0.7775756633966442
0.7767671893866623
0.7793592345095751
0.7792018214636599
0.7810570988712519
0.7818917892510318
0.7825694286002841
0.786282608879192
0.7819592311817072
0.7806121458019268
0.7767984059576895
0.7779714201266008
0.7792969858029237
0.7771400264108996
0.7815739860052671
0.7808005550955487
0.7810185241673693
0.7819723168046708
0.788575076972762
0.7806077651248978
0.7830980964367152
0.7866051080604101
0.7868705095463076
0.781574110331047
0.7836938322694414
0.7826318445367579
0.7875084916752789
0.7851982720493925
0.7835664325842033
0.784971329244925
0.7886965609460095
0.7854864567204467
0.779875037185941
0.7854786790272037
0.7868275998523039
0.7955643926050158
0.7923521420623261
0.7872764631877304
0.7876587702402893
0.7944316837884995
0.7911265126789628
0.7941331283193803
0.7947971805808444
0.7932063388198846
0.7947512461944355
0.7959626275346214
0.796828492696659
0.8000897154237695
0.7994407279455639
0.8005325511521659
0.8014493609125313
0.8019608345899663
0.8018338036080241
0.8019397558116246
0.8064689690849993
0.8081345844840588
0.8055134871112662
0.8052942184209692
0.8017657425736472
0.7962714553638617
0.791247237599709
0.790819484367029
0.7910431178412014
0.790207146382555
0.7896223898179587
0.7960721177611537
0.793213541898546
0.7949893914471465
0.7959555616264573
0.7963141235192208
0.7996147994219083
0.7946587901317748
0.7920118537331771
0.7917817306741343
0.7920682225327036
0.7915336433981613
0.7900299879441772
0.7897386720450509
0.7844530800255689
0.7863434503793454
0.7891153321685922
0.7878822031313284
0.789982031703115
0.7919623137768304
0.7933445116981067
0.8010781346804916
0.8058447893640719
0.8004672662208964
0.8026431512426413
0.8054058969589858
0.8078645576592252
0.8072443746155501
0.8052094615182391
0.808665278824236
0.8112404878178244
0.8135015511264012
0.8122862336611298
0.8140918184550701
0.8092372068302117
0.8130849324098489
0.8122309368945569
0.8074654278112152
0.8079918674620993
0.8109216900094723
0.8058105399581326
0.808586837182087
0.8093065846914442
0.8090519547933769
0.8084527711540833
0.8056580122065603
0.8109855378816546
0.8137597719187768
0.81384179036007
0.8121258095633006
0.8108360331451512
0.8096267233871469
0.811213770662454
0.8104497062523076
0.8088642443615072
0.8119099334310137
0.807602492097567
0.8105337118969732
0.8026217168833216
0.808354486580489
0.8116629768041277
0.8060718402578834
0.8049463104106576
0.8049205245320613
0.8057498160456508
0.8081698187091121
0.8036291571208614
0.8043820627861975
0.8035733781523362
0.8082147061583945
0.807679178622941
0.8129901831442674
0.8096768005536666
0.8068520792495841
0.8044204252830218
0.7997690656344855
0.8049341848981812
0.809031291196301
0.8094807575825146
0.8073100536866634
0.807316948515796
0.8142277647319615
0.8074824742225887
0.8100299757682247
0.8074702035115429
0.8032765809575323
0.8044879511583463
0.8074521859579551
0.8106291622186484
0.8115970777636244
0.8111311543624531
0.8124459944808076
0.8147703996464186
0.8227095606326712
0.8206219813058179
0.819297885118013
0.8184728846283434
0.8215111486981678
0.8187784065179101
0.8191353877817874
0.8191008784159775
0.8253179382851429
0.819729439146717
0.8140458054775848
0.8146564774689036
0.8169355494634958
0.8142878478777374
0.8192867477669584
0.8213832501302569
0.8148425206460701
0.8175496093014412
0.8189280724587278
0.824106167042377
0.8200408254783474
0.8193124828277878
0.8201893879748593
0.8199541018042613
0.820722211288602
0.8194482470539242
0.817827748335397
0.8203558515677242
0.8201106882019122
0.8214046829966174
0.8190970290738299
0.8190659867216897
0.823435031442822
0.8234787724116301
0.8290500431789544
0.8311074986832334
0.8330066941036093
0.8311018661834584
0.8290654018984462
0.828340275852576
0.8287937659445909
0.8287426654754763
0.8261447771040795
0.8238658868872485
0.8266385169425707
0.8269717243914528
0.8288373982037397
0.8297652465561033
0.8287856749407934
0.8264458695741338
0.8284721503825254
0.8263291885943194
0.8265058258025014
0.8240542256008813
0.8218484348211615
0.8214748673020632
0.8211636659384655
0.8183628430791178
0.8164824397200054
0.8174624667545897
0.8192971903650945
0.8219664085914782
0.825934676249972
0.8214941342251562
0.8209380334704667
0.8217887409067794
0.8230661090200215
0.8252682524968528
0.8245265597262441
0.823389111319803
0.8215223446667562
0.8243595855208895
0.8239649498995162
0.8232183214695795
0.8238527510927294
0.822903975260174
0.8243518033196998
0.8260255876031672
0.8323326903512804
0.83387545961245
0.8316124735000225
0.8281937404205206
0.8297366110249206
0.8298877654116711
0.8315838383959259
0.8266294587098098
0.82659316215382
0.8242419114436089
0.8266579059978504
0.832503756461534
0.8284689203110586
0.8344072486677931
0.8295105539985754
0.8308630279467218
0.8313261102224412
0.8339889249226781
0.8341884794073674
0.8363542612849081
0.8373765291814785
0.834285600060485
0.8337845803001802
0.832301956740798
0.8344079528616779
0.8328091120444455
0.8323344474327695
0.8314171373304565
0.8315277111220101
0.8310602057355947
0.8316896731285487
0.8234127580914917
0.8254706426882479
0.8243471537589474
0.8244858569127059
0.8259948164578154
0.8292641724620989
0.8272384551013842
0.8286373609167978
0.8299743999317767
0.83084401600298
0.8329059310839569
0.8326978382951578
0.8252645397048918
0.8243729172369922
0.8225343267797335
0.820786383963143
0.8257247967876677
0.821913928662287
0.8260338657898824
0.8236295144216167
0.8323068647830218
0.823061770991833
0.8257311796758231
0.8236369384080168
0.820947492917831
0.8190286359756132
0.8187939901984743
0.820261178651969
0.8233243311945309
0.8227017046241607
0.8214883721180926
0.8196921324226228
0.8176457755097556
0.8214903764812529
0.8215085663399263
0.8252975691494452
0.8267499745409597
0.8255035519030731
0.8262786657322122
0.8254053418562121
0.8200546170734933
0.817953026665442
0.8201886704754229
0.8250355767856761
0.8271625585269828
0.825332419585532
0.8262024922440416
0.8282406819858872
0.8285743732959412
0.8255707427990921
0.8258715870969421
0.8313660023694507
0.8252279959222395
0.8254871970905145
0.8245368983921382
0.8216443113136027
0.8187567187172584
0.8184380951053658
0.8249412518783819
0.8220789240566229
0.8197311709471401
0.8151815604915552
0.8210810713028286
0.8225219046148908
0.8331267723762432
0.8239771958317673
0.8252217500854946
0.8244507252105927
0.827794249616793
0.8292861030249238
0.8284297890