0.7398411154175405
0.7703138048207434
0.7839703171023489
0.7848182282416961
0.7918640702796412
0.7877583918681286
0.8048113510171481
0.8065833079384379
0.8051993786123361
0.8095419482216647
0.8066468610824603
0.801517321704927
0.8027989032598924
0.8414200676867755
0.8414909072892148
0.8110265704804411
0.8099296905460424
0.8079107766863722
0.8076783446389412
0.7949798401502082
0.7794045205268927
0.7845474220614428
0.8019573746083986
0.8211068047950825
0.79369372965287
0.8040610738464935
0.7802298712675658
0.7874907263247545
0.7829025860130125
0.7970414839511661
0.7972121421232682
0.7911478921149021
0.7904382371567955
0.7798055500359419
0.7790759074403972
0.777658021324186
0.779175235226613
0.7795672192387023
0.778596200805682
0.7819576489025417
0.7707123939775324
0.7708946763701057
0.7722744547758252
0.788341451096917
0.7881724008483864
0.7904279955087959
0.8013548740834856
0.7880157231203218
0.7899376957197929
0.7906393862585143
0.7906945448369812
0.7849149905557895
0.7919307975262876
0.7944410681911612
0.7963622448988267
0.7960561721948799
0.7961396299204521
0.7893196675586893
0.8016155738918023
0.7924868894037735
0.7917342048322954
0.7915522327273333
0.811291685315506
0.812033814378118
0.8088108733958259
0.8225265051732257
0.8219535965755055
0.8218365985827906
0.8021695842817194
0.8041553094456845
0.8052769854677513
0.8066853765948415
0.8083854899270815
0.8105807625103365
0.8280969489034258
0.8330891890521054
0.8439573393384988
0.8297912957447693
0.8192677277346121
0.8193573236748292
0.8225331368571148
0.8163423034700339
0.8028877808270968
0.8040903467988524
0.8134581616593948
0.81398756240484
0.8135092876567449
0.8048869318564376
0.8036981486652275
0.8159413985994268
0.812230740723328
0.8175653401645155
0.8184308422556729
0.8275406305379889
0.8336695510480719
0.8236079897516251
0.8235132361638507
0.7976257084814266
0.7985634257734202
0.8078641563460609
0.7995328015020764
0.8015470928445381
0.8061566878962134
0.8118487745297168
0.8058380730145359
0.8056401349194766
0.8070096652504173
0.7961356689083945
0.7971824527958109
0.7965803679877012
0.7966943219597791
0.8064258810541652
0.8097479067586354
0.8219120956602842
0.8217058250345444
0.8012123838178774
0.8008365561650003
0.8014042948357094
0.8026349869310083
0.8041206652243503
0.8030511727141569
0.8020608623306235
0.8015851202531935
0.8037613721746644
0.8354270948800346
0.8353110855778849
0.8239530373045842
0.8337076205936265
0.826059647062299
0.8271712247952652
0.8273051306052789
0.829948342905726
0.8259228056715974
0.82869831560145
0.8438780645221108
0.8436714178359972
0.8445079635563276
0.841035734781805
0.8389914598955379
0.8298682206400784
0.8351883434942934
0.8288895067775285
0.8134519103359928
0.8139138575781227
0.8238202748704406
0.8320738394619336
0.8079268337260567
0.8256811129667778
0.8271227915665892
0.8282705730033102
0.8351326600283675
0.835086253251316
0.8362161216725051
0.8365272372996752
0.8367611386318431
0.8367962046531515
0.833190754642323
0.8304399032905722
0.8333679157053244
0.8334043804081097
0.8241991563949043
0.819761028802421
0.8202474990227518
0.8069397978420823
0.826505612221183
0.8330742155161315
0.826243413600047
0.8208671702645
0.8202770874518394
0.8216243264057949
0.8209748479004978
0.8278007754877197
0.8216824021304541
0.8254465715229292
0.8310077091687191
0.8217084049093358
0.8187695601117884
0.8183860544295963
0.8187543726469664
0.8236430272946724
0.839161319002888
0.8253567635339293
0.8315957137154774
0.8292183122809221
0.8279557399292775
0.8339227106724607
0.8555013946984475
0.8556983482303674
0.8556805803597893
0.8569922089087012
0.8572822280160076
0.8559128746048671
0.857166782143305
0.8569914157205591
0.8577526682014978
0.8624307072725893
0.8628054635160396
0.8592639709391239
0.8590701685510186
0.8591616676491213
0.8590261936475405
0.8588765424861164
0.859882381346878
0.8550933219714625
0.8493454165295051
0.8529688821091236
0.8525901619841401
0.8479855615662496
0.8465092867166948
0.8456803607070982
0.8401365914223204
0.841967753116835
0.8429665186621146
0.8455146354402205
0.8494483689903509
0.8496321798106045
0.8492577041443249
0.8515179280739473
0.8490667844391242
0.8609677835839247
0.8608177713015338
0.8613958574235949
0.8619019763769808
0.864790935935294
0.8648714690127335
0.865811497957676
0.8658007806441971
0.85854435617176
0.8590643057469508
0.8554647630083599
0.8541153715851836
0.8542662800193463
0.8541616929218606
0.8536464971932737
0.8553988267752235
0.8545099716243805
0.8538705788331447
0.8552132349105007
0.854439412217366
0.8556844457566801
0.8545646822216292
0.851000137948269
0.8520982149581067
0.8554051658259387
0.8510367474803486
0.8515700014945459
0.835672600082313
0.8350808983538202
0.8351363595925264
0.8352911524355531
0.8360507939424776
0.8397760546714802
0.8472010569691191
0.8525308794379508
0.8410250325254783
0.8441091335551655
0.8374360635610327
0.838424679501198
0.8372970735199812
0.8365546343029668
0.8393448910979099
0.8398197284747423
0.8447424896424967
0.8445583935345798
0.8438050643074199
0.8438742089379174
0.8452401425116056
0.8450010842913659
0.8418702151751749
0.8413713589303916
0.8443557101084381
0.8446565433676899
0.8422419348163714
0.8442759553111863
0.853993642657072
0.8435750760875986
0.8454536177964728
0.8471677181949009
0.842749495357106
0.8417561502172259
0.8419943305794417
0.8466428758303223
0.8417930109839488
0.8417205769598385
0.8610336067814098
0.864880545487487
0.8602476695924278
0.8636512172609255
0.8607949381452018
0.8621409991691632
0.8581816200255433
0.8694639149478567
0.8576524500383904
0.8630375816455463
0.8653864720528075
0.8545783872424091
0.8606700500005917
0.8617776496610795
0.8619762786916988
0.8570176106884152
0.8548908593365103
0.8617251490185944
0.8649719601103951
0.865194315455573
0.8650149108807916
0.8641224514273328
0.8652379419776058
0.8633396543049349
0.8640185440117567
0.8636403642972429
0.8621819593109411
0.8622655909093382
0.8621851128194999
0.8619874406253926
0.8649923525760589
0.8647964896331077
0.8641540406892801
0.8678399021022344
0.8677044178654993
0.8626011628617214
0.8683288509242902
0.8665202056509799
0.8652669354520425
0.8650820215790673
0.8671317245056854
0.8659476818939563
0.8650778977715634
0.8656753443758753
0.8660192776498099
0.8656010403541683
0.8657866572498428
0.86854513294238
0.8681039397357928
0.8653566021861436
0.8654874813655342
0.8657018783953053
0.8637113470172775
0.8670310348281809
0.8545203398409815
0.8425185632900725
0.848274570987702
0.8516185043676847
0.8492992142011613
0.8498481372376112
0.8462530916848394
0.8454655446055961
0.8469902734603985
0.8475945541144514
0.8463354412940362
0.8472759555998243
0.8460631568257468
0.8627384052422629
0.8615462047459408
0.8635209036118837
0.8671784688295983
0.8687863356750055
0.8665895812156545
0.8617183031103667
0.8648594122900145
0.865096431208798
0.8674097732395755
0.8658155598255619
0.867012739489176
0.8635536409251954
0.8667092677330375
0.8628583711999147
0.8647021466582311
0.8535010239716305
0.8519887927158207
0.860289253557105
0.8595709633639004
0.8596914824505318
0.84671452497668
0.8465193475625945
0.8482260887733721
0.8464371229728079
0.8735977534573298
0.872829148109689
0.8737750859509649
0.8735186754544658
0.8725209718766755
0.8725373192260056
0.8734025220011289
0.8696794389619088
0.8702665717736517
0.870761681342521
0.8727247440559147
0.8691373364301019
0.8698348535764211
0.8682133766821898
0.8662270297818979
0.8676580448786086
0.8682654233141894
0.8674573779675262
0.8598273079973537
0.8649746355881726
0.8635479654056656
0.8648873378201071
0.8649063157783032
0.867441534715701
0.8672477406934688
0.8680313806923174
0.8676069870083608
0.8696228891662361
0.869858660342234
0.8688019934171368
0.8698865141348894
0.8751944366231198
0.869537693006403
0.8705537073098877
0.8733017748178407
0.8729559682937221
0.8735366717069665
0.873006033076495
0.8826135121832368
0.8800216254733814
0.8797193242643938
0.882492212796548
0.8823818796825231
0.8801099519205433
0.8793058077035818
0.8801303771400495
0.8805682468736037
0.8735479197525549
0.8760960078034661
0.8736374352912111
0.8740805707831699
0.8746730649887843
0.874150239547507
0.8698251195837383
0.8720885683443523
0.8742619716089179
0.8723283386339712
0.8725249848765879
0.8727332409369187
0.8727881006276256
0.8721719784813495
0.8703888691242418
0.8822307266008623
0.8706265322144495
0.8708560874105639
0.8705947393502249
0.8707917821079806
0.8706647676189505
0.8728654822942331
0.8755624811462599
0.8730046192402909
0.8761773881732972
0.8762515642440422
0.8756550038295794
0.8783793275407992
0.8789439204704732
0.8784520518467319
0.8764439499587882
0.8887595982485057
0.8891446035897482
0.8916737241529417
0.873829095068062
0.8739656128953127
0.8736122685196739
0.8757894961474773
0.8690601085071287
0.8718715126898432
0.872661391007408
0.8696308595236695
0.8700116597868706
0.8742414809030549
0.8692928349115869
0.8692796332013704
0.8688945515080932
0.8680310784383516
0.8696194478889009
0.8715806010170303
0.8786301429404895
0.8681042909841942
0.8716191990543833
0.867849225017698
0.867864181989191
0.8674686804776803
0.869331539934109
0.8758766755670027
0.8808337292831923
0.8794687635062617
0.8785186851969513
0.8807907456398207
0.8804759635963311
0.8765451716079459
0.876919521159626
0.8895338939736747
0.8924484546406243
0.8910512061931906
0.8765886217759828
0.8765030528316506
0.8758797593708566
0.8753244369349797
0.875436568171264
0.8737603151605982
0.8750326933262395
0.8739912499886789
0.8767602690406227
0.8836090374136656
0.8868498615118401
0.8877813018120413
0.8901263158448085
0.887000515797057
0.8864965021844596
0.8836239598938019
0.8828266672467088
0.8836911747727483
0.8786540248991664
0.8796770901708134
0.8781593641473123
0.8785643646411707
0.8780408712324536
0.8792421881238546
0.87966931251919
0.8904485592723957
0.8917414288165976
0.8925185856604682
0.8926064171683528
0.8933983697616681
0.8940784477438677
0.8782101198341667
0.8793980763275362
0.8834535255054838
0.8829419206677914
0.884469178125008
0.8847641001212121
0.8871248783244827
0.8916335128598318
0.8903815320264071
0.8914193322761722
0.8910279458025195
0.8891089970041737
0.8889876336416298
0.8883601328801493
0.8868814484885051
0.8854642177866453
0.8857294732125948
0.8803850176967706
0.8804654042952824
0.8802079020240462
0.8813468403085424
0.8829477337769122
0.8829986594840509
0.8825306222429027
0.8823700384385239
0.8821279632540161
0.882124367912548
0.8828949659945869
0.8703456290912728
0.8688229758979915
0.8691959532503201
0.8694220793750018
0.8704485364989567
0.8692486177749026
0.8653559994823979
0.86495280982186
0.8640907709989656
0.8645947122344264
0.864726660577382
0.8659458071602313
0.8666309940967158
0.8707331266038407
0.868957079403165
0.8644332756475671
0.8643991052422091
0.8633144618891985
0.8630915291108722
0.8620366358505834
0.8646452081737034
0.8672068141770707
0.8669284339107427
0.8655191883979613
0.8666465092906978
0.8704443772353934
0.8721431477245234
0.8726518543060402
0.8681695600645805
0.8703362876278586
0.8735782844062183
0.874398602804515
0.8743146882772589
0.8768008633999402
0.8766286212329114
0.8770783398265405
0.8768942134511238
0.8795174448807667
0.8818156399486429
0.878180188837395
0.8781903078801899
0.8786677397100323
0.879494450292491
0.8783416100709495
0.8794473383233329
0.8748879496857289
0.8749627928368776
0.8737776189236001
0.8729670927450132
0.8731883083826515
0.8741111847867468
0.8753385435872814
0.875102983159136
0.873429889878359
0.8739665817248372
0.872688415594343
0.8732652471703666
0.8724355047759321
0.8715261031193312
0.8718544149466034
0.8720613231241793
0.8747012651153657
0.8775905806187086
0.8759582067358449
0.8753097647611827
0.8752334347130332
0.8790034355458127
0.8784848294323008
0.8783713698714605
0.8788914552158832
0.8791159822752561
0.8786843157590024
0.8772348760027682
0.8801793494234873
0.8805064648178267
0.8785571420986559
0.8780336902914198
0.878402002925351
0.8713254471203346
0.8731656349515294
0.873756575156074
0.8743417345323843
0.874284148501117
0.8760792408649158
0.8764759704048177
0.8771534210410561
0.8769577081611126
0.8769641356306528
0.8736657954059235
0.8806996446170894
0.8823703676461729
0.8762156232106791
0.8782536147194355
0.8788971334995382
0.8780418278983373
0.8802653087933789
0.8805661819760167
0.878451469636328
0.8764999419632505
0.8804957858454615
0.8824084326342456
0.8807159172218504
0.8812065308943045
0.8842979729254532
0.8829826602640172
0.8906527241395586
0.8906447396433026
0.8885556474972741
0.8882773918909757
0.8876736209505736
0.8902965270619494
0.8876635843242571
0.8780198329420122
0.8782656047511276
0.8792514718867788
0.8787533601353604
0.8789559105769066
0.8768230729719817
0.8767248045946432
0.8715413832048712
0.8774517269427238
0.8774127638763601
0.883672775336749
0.8874344649720396
0.8826386921105485
0.8841939599875457
0.878667460249146
0.8818183598667757
0.8823111236730984
0.885132245271912
0.8890960358589111
0.8890317571156455
0.8872267240023994
0.8864158473040504
0.8881375369333552
0.8864668466174879
0.8861015101118205
0.8856864623043161
0.87795035214073
0.8774745143433086
0.8789686220517091
0.8770917090719218
0.8831929439217862
0.8831541774193965
0.8863022446132507
0.8868614465487914
0.8867830953721296
0.8864093766860374
0.8867933053403609
0.8905813432196278
0.9004020846379318
0.887091187908185
0.8913713678912364
0.8911071944130984
0.8859181993619765
0.8899299494696703
0.8899647783950946
0.8897878609992084
0.8905281594385676
0.8918703376359277
0.8952690964790994
0.8924524883727746
0.8904229051439829
0.8901534652401284
0.8942740618900883
0.8929061553024938
0.8923782499773902
0.8935211900655803
0.8921373808716224
0.8923089911650879
0.8923641187563565
0.8923990953954033
0.8915464077114252
0.8913473049148566
0.8914512410185355
0.8919739454701165
0.8921928068015132
0.8921081769059854
0.8926305193976082
0.8923012474110317
0.8952410523237334
0.8958392353387048
0.8965086657462281
0.8966136366381062
0.896380275597429
0.894401082716656
0.8914504865101475
0.8938660984485631
0.8908808065424437
0.8919708890063879
0.8928558354555342
0.8867747118719834
0.8855454579601999
0.8859661000729314
0.8867800825724568
0.888315238442617
0.8885211319952904
0.8891422578416592
0.8899278195209425
0.8899470071568968
0.8875306580843956
0.8875072377044785
0.8989944602662682
0.8829482486352414
0.8944702388711274
0.8967281274926983
0.8978773623582369
0.8977166909946253
0.8963038114906627
0.8968023512496818
0.9005052286134639
0.900503859783488
0.9032811781515033
0.9075147731238468
0.9077629230668081
0.9047378376928589
0.9044105666758674
0.9036488569749661
0.9035432445471868
0.9018692413833143
0.9020572121405298
0.902434381482981
0.9031488081129091
0.903495610684126
0.9034612407626944
0.8986519491203289
0.8977743894488109
0.8986405247676198
0.8813196233983907
0.8813875294466984
0.8813662159280834
0.8781433481857579
0.8762715162163204
0.8817540441702715
0.8729046351085491
0.8816484058271665
0.8899887863057139
0.8894838088174092
0.899575804560061
0.8992938325352533
0.8982156564382549
0.8966378718006226
0.8927604603342948
0.9016903896332404
0.8972252527501254
0.8965300637304996
0.8975836368724184
0.8976465258545688
0.8641063550245963
0.8683984322696193
0.8782109218155449
0.8702550167644626
0.8711811845728813
0.8689971694137536
0.858148119346649
0.8564970124395535
0.8548662335849087
0.8648793798474059
0.8673210765334616
0.85898310980912
0.8717613926428905
0.8698423819956833
0.8706428263353375
0.8731845976850666
0.8734226441636942
0.8741661693364161
0.8742746322164479
0.8737729862631793
0.8732620093532137
0.8636357707338601
0.8643688406957606
0.8660356434368637
0.8649750272901287
0.8641664049501201
0.8619502791896118
0.8556407077266176
0.8563284388304406
0.8557490583894704
0.8550352507438993
0.8536153908569424
0.8455688152716238
0.8504801380695044
0.8519146046070283
0.8515612916295915
0.8524322107492225
0.8601765326840264
0.8608649854521956
0.8618664496463389
0.8615489290981602
0.8635895836242881
0.8688117563816049
0.8642089642848192
0.8678488038930962
0.8625987938595843
0.8686243324152317
0.8683554343542422
0.8686052870298119
0.8661018198003065
0.8549726853798028
0.8540656210737653
0.857442222385423
0.8569695607711503
0.8617383195771074
0.8626615341126824
0.8595000726235036
0.8579470909114582
0.85807353252795
0.8631220837468189
0.8592620743012537
0.8592748152935493
0.8634203552730942
0.8651730775594925
0.863447331476761
0.867205835399363
0.8628015565262486
0.8619533925439766
0.8645194867270818
0.8642866522252162
0.8641432869415699
0.8646423002842376
0.8630954694898602
0.863940160552554
0.8632403511502739
0.8628339353890903
0.863143422155789
0.8691093594866235
0.8649903067669437
0.8625384170506816
0.8632973795708556
0.8640359058323427
0.8633985054628789
0.8621619430178561
0.8636445271450379
0.8633111263089291
0.8683584868214022
0.8750332752208531
0.8770948207212529
0.8755824000046445
0.8688854905936434
0.8708551790189784
0.8703184793273386
0.8687484076565742
0.8691430746552498
0.8745533717167031
0.8719906258343315
0.8720829183460386
0.8726906997923158
0.8720303816616647
0.8751193438216291
0.877602949392151
0.879980536903377
0.8764386611848847
0.8756003848558586
0.8775336145952017
0.8871470570175423
0.8757484977529926
0.8749215382100497
0.8768515331787768
0.8776623780560956
0.8770310626103908
0.8761155255907975
0.8748648925610566
0.8786036597615865
0.8783348798292271
0.8809938287264147
0.8781043166357737
0.8791640280650124
0.8837804538293815
0.8847178879434009
0.8819114960249482
0.8818907774162106
0.8826509845550653
0.8886116121261464
0.8914225745109138
0.8921387270020665
0.8821493138273034
0.8834846126666558
0.8904975028175229
0.8888603459529957
0.8901401843449938
0.890700968625801
0.8896054109899684
0.8905806975694498
0.8880492327287475
0.890548288449939
0.8884464974432452
0.8831388289697821
0.8806145115012607
0.8578644140457368
0.8617163697749055
0.8587762047235956
0.8639495022658733
0.8634984546903456
0.8618647297787677
0.8636958022641056
0.8643187738155974
0.8639722428055955
0.8644253177007778
0.8695359200627393
0.8655868492795586
0.8655717599011523
0.8650641832626496
0.8707780685587926
0.8729772366739462
0.8821254497495519
0.8816379052168897
0.8815252801427408
0.8818992536786281
0.8891656543862303
0.8891764457695066
0.8894525895676487
0.8705800379639174
0.8655661699634016
0.8692171553462725
0.8740064703433734
0.8706423116515999
0.8697171643640259
0.8699633204799104
0.8699651017928085
0.8687564654218584
0.8739642876274724
0.8709015514771439
0.8715679710947855
0.8713096332732447
0.8707462093105298
0.8732582939061087
0.8671156041676185
0.867294348668227
0.8682196669964695
0.8668212916862801
0.8685808370252825
0.8693575974143344
0.8678962923235425
0.868704810249201
0.8641912564204625
0.8643285723997384
0.8630895234980112
0.8629964695114927
0.8648863739924795
0.8632935577489893
0.8642109313640577
0.8637246655411674
0.8636047684833404
0.8631880174583643
0.8634193810824077
0.8577187706546677
0.8744710254017336
0.8634817261589526
0.8633044179503093
0.8631406286812368
