0.7306938784014291
0.7423270283452358
0.7580483777993564
0.760539786773709
0.7539341773142292
0.7535749600859771
0.7519843170607063
0.7571068138411265
0.7548432639284278
0.7576473459020533
0.7599431140513574
0.7608733873008654
0.7600562460452583
0.761020624935773
0.7603731582884548
0.7753173028899382
0.789369542540116
0.7753465336838244
0.7874714049601651
0.7590172054273472
0.7607605650719954
0.7617726568460784
0.767209996590487
0.7719726155975519
0.7748747374616498
0.7593286182218932
0.767750436619752
0.765411838361469
0.7544583117794631
0.7472741053940497
0.7468387861153795
0.7549174800370574
0.7471501219421073
0.7362722386112027
0.7319508937864526
0.7588200566774203
0.7461453872114692
0.7450548667502482
0.7509421630391938
0.773931980930179
0.7490518967359112
0.7643563226767635
0.7617342039348554
0.7413922024202624
0.7591081365063035
0.7591188816405455
0.7618067102342129
0.7695114299630751
0.7663546445631405
0.7790015120672024
0.7783167924466593
0.7812553121071193
0.7706012947740173
0.7706626902320097
0.7699706583663273
0.7706518434291153
0.7857043576868085
0.771668582269067
0.7829858443983877
0.7816790727270772
0.7817758113614236
0.783769870446965
0.7982108897292179
0.7840482799290609
0.7773365569927109
0.7801835768926554
0.7840101167064881
0.7845028815428527
0.7850061468783189
0.7861108508881866
0.7869741866798322
0.7869801595133464
0.7834834233318394
0.7664966092586506
0.7615466265910511
0.7791890887845849
0.7664569915208673
0.7679938332937138
0.7884654021253835
0.7779738932208194
0.7857547885265448
0.7921804113240916
0.7810266539829278
0.7638042479220359
0.7645783287763803
0.7654111713927219
0.7638767434840571
0.779520239670732
0.7840747416644488
0.7646576530434344
0.7718251722270744
0.7790806878482311
0.7825463068054593
0.7787728408593642
0.7692839295665617
0.7649760840317258
0.7644968658788597
0.7771835437264236
0.7602102704789813
0.7826021714796151
0.7630723800539385
0.7801383535641624
0.7646361235285039
0.7843828240083687
0.7642556398988579
0.7600406768507578
0.7585627421341492
0.7736143123725986
0.7585607136284532
0.7668340384351693
0.7620097253334349
0.7625534806218136
0.7636094747011803
0.7789873039457956
0.7637635383275828
0.7681539420341108
0.7812590163661446
0.766109468375579
0.7660612015526144
0.7645261488455738
0.7804460100883497
0.7790599924555378
0.7643644393618757
0.7690934801643782
0.7678433579661014
0.7679490509138016
0.785463678197191
0.7757775745134429
0.7736914191926857
0.7853678262685256
0.7683065017146045
0.7731678661327125
0.768307750518069
0.761988181090402
0.7633075297535535
0.7675342365031551
0.773462937251962
0.780931379910583
0.7800559681495934
0.77941072303477
0.776795953685588
0.7803804994161734
0.7962575497903253
0.7885309951884418
0.7904056422730793
0.7876859991513747
0.7855434369155496
0.801682816405105
0.7858615577836026
0.7828172314216576
0.7825574251718598
0.7833836497965491
0.7841043128119883
0.7861471697774827
0.7826845236178969
0.7860974933081235
0.7823080221850813
0.7835081646455073
0.7818360823359042
0.7705883893246167
0.7706283872880481
0.7722835730939992
0.7782930525505446
0.7792853346765686
0.7672963167652416
0.7695193728824932
0.7695091466063941
0.7864414031846507
0.7861844872430831
0.8049094019063362
0.7950809287106493
0.8107275275788486
0.8106920431487021
0.8118948777646379
0.8030015039196932
0.7970810144783232
0.788451976378349
0.7897309076213558
0.7939662858936527
0.7940302262470575
0.7993086999322669
0.7988146066589307
0.7981934085757764
0.7914867179324323
0.7912063907087518
0.7912917577587772
0.7919397845932765
0.7916288867449075
0.7917478294874338
0.7915810310750636
0.7766965751196374
0.7889812600553516
0.7877352918285174
0.7837451057343414
0.7818221515603669
0.7969960850754966
0.8003753439712952
0.8089612500172981
0.7987791389638884
0.7988697249463892
0.7992121914430451
0.80181995004996
0.8017689997555426
0.7839488088743752
0.7811095738693783
0.7805765962301187
0.780480739148193
0.7855826781542051
0.7913313329015856
0.7842158274301906
0.7934794346330681
0.7941338443765121
0.7910402945298535
0.7909292657918041
0.8062423712990887
0.7913698738792567
0.7909579044000228
0.8118531171229604
0.8117216609329048
0.8128992531375782
0.8120239077944517
0.807626830495922
0.8068522433243719
0.8201597547323688
0.8241639356567457
0.8320990506679523
0.8319553702383381
0.831995976343991
0.7963092679459812
0.7959997497660977
0.7939674193744364
0.7985911086753418
0.7988265092425487
0.7985508078004276
0.7984753727250213
0.7965624184029633
0.7963855748419741
0.8152489274158037
0.8163048169045583
0.8185292456709141
0.8182236400254852
0.8162010726992521
0.8158784471072259
0.8178810314193369
0.8189833779644173
0.8186146460455133
0.8334708026348538
0.8312924812999983
0.8325869180280123
0.8314955478750713
0.8317544007425568
0.8316850931895451
0.8295898807594333
0.8335773914124275
0.8320251790158819
0.8425362674182687
0.8334650835971162
0.833550083190207
0.8334993658852987
0.8390246593521404
0.8485864210469789
0.8394070018486165
0.8398695071039504
0.8446293448070279
0.8445007087602638
0.8339927793284132
0.8325302669795495
0.8338749943208025
0.8344171806076413
0.8332571378764634
0.8369198983384892
0.8370060168085436
0.8372897960738295
0.8349231978394083
0.8396599090013103
0.8395825618951892
0.835490285494959
0.835294824248569
0.8373675358081059
0.8364799249343283
0.8369291459654639
0.8370556480533011
0.8388682307827496
0.813165510810932
0.8065198793108026
0.7788054041660545
0.7809633124505391
0.809625262756138
0.7938825807779066
0.7942566396176418
0.8096120482960182
0.808432111655811
0.8087935034109345
0.8095894790286249
0.8121682733120849
0.8198482230340047
0.8109494334926349
0.8069264709832835
0.8055144358920513
0.8052002186541786
0.8010772224237105
0.8006081043841192
0.7917272113144701
0.7933005798408835
0.8045997210366118
0.8038748375099773
0.8071666594382028
0.8095900925191508
0.8097183499750717
0.8099352713514468
0.833105676929198
0.8329385777851053
0.8286787133647111
0.8283886138838181
0.8360006548623786
0.842259327617744
0.8419640774928929
0.8416593619936223
0.8413693887412631
0.8393372052155534
0.8416256339663679
0.841386342553994
0.8400218458929708
0.8394936572994258
0.8455758195211189
0.8457594408610125
0.8407051252588615
0.8375432848433665
0.8386486088318078
0.834333533925156
0.8332537954772216
0.8445169833206174
0.8380269624929111
0.8407768506397344
0.8389216695306188
0.8388097592408177
0.8367628585020861
0.8368481531733211
0.8380070804342264
0.8388870730294476
0.8373702944519978
0.839316883111204
0.8372930875520553
0.857725071166698
0.8380025446943099
0.8402887249109791
0.8334576104148781
0.8339922649701424
0.8345986360536544
0.8346037651682778
0.8434411063540096
0.8347985762570801
0.8346070119417285
0.8334430841286918
0.8337215516278548
0.8345674850553773
0.8345987647411733
0.8375869301584239
0.8361702462369581
0.8334485575232078
0.8251099300397255
0.8345391993149129
0.8405337546845749
0.8307330558108507
0.8309119925666363
0.8271157533410479
0.8319509632617813
0.830666659408171
0.8497110531741185
0.8328299671553545
0.8319314401057198
0.8294227933966637
0.8296892154609079
0.8313689290261026
0.8402992667249632
0.8307387896428063
0.830622051582296
0.8310451955947223
0.8363968759887519
0.8335110666519866
0.8330813789441285
0.8335703589369844
0.8423913766822612
0.8425275477019261
0.8431880699786924
0.8418827404725521
0.8414985973027379
0.8428029261162415
0.8428533699176444
0.8539744845735973
0.8539997341609785
0.855751422473739
0.853355906649959
0.8538358979895835
0.8405005360389961
0.8334989781336684
0.832182038584816
0.8324516083716675
0.8439213808074432
0.8366558962959467
0.8272429839456317
0.8252944518583246
0.8260345539165765
0.8267913116586473
0.8490671876468822
0.8491191730290462
0.8501623399612219
0.8508193357571164
0.8545887249836067
0.8684215424493469
0.8697031965799893
0.8682269414006338
0.8679523253566952
0.8675433264281539
0.8704133816119206
0.8703584376338457
0.8769007301968059
0.8747613659216038
0.8746534827577568
0.877332159102176
0.8744491796080559
0.8749932101727634
0.874646207438704
0.8754843721071452
0.8832458476459771
0.8790522912318043
0.8796951766369528
0.8848152049614533
0.8825711220023645
0.8870036217833512
0.88705999555159
0.8822395151988951
0.8819784227143892
0.883763879692666
0.8769693485355312
0.8591721225593332
0.8506010452573796
0.8265397083754453
0.8258326502010034
0.8229504616419199
0.8807526706841304
0.8811524465931788
0.8770725454160182
0.8882846289765679
0.8796074875190468
0.8798257231862322
0.8839170867063285
0.8853692287111115
0.8659150238243427
0.8636363816411304
0.863995833803169
0.8675438695430142
0.8677045061050221
0.8511235249358188
0.8456679281423951
0.851822629153925
0.8627765012720545
0.8558155151175244
0.861985721297695
0.8646947067401638
0.8425476373822489
0.8437511781681734
0.8420774826472365
0.8438646007243593
0.840624673753117
0.8297798853781778
0.8509193055372499
0.8536478718947769
0.8511626138006859
0.8609479230190233
0.8512935111732501
0.8656541028662288
0.8664589819700453
0.8710702423969052
0.8367617308139983
0.8446642712144602
0.8445370753120033
0.8613329113784428
0.8609988161574154
0.8599090756493719
0.8592404103819623
0.858366944701504
0.8577091971223593
0.8576777999489339
0.8584062140274294
0.8569813675556077
0.8577191561910691
0.8562776742377147
0.8564198107502253
0.8523643262479594
0.8529624489828289
0.8438145266980301
0.8447677640591054
0.8424685403967956
0.8386041672829434
0.8387119545031653
0.8344211470637826
0.8309584155395754
0.8344523201091882
0.8227472191013724
0.8269393803560622
0.8533164158911655
0.8465805752368306
0.8410401207181754
0.8509933618227117
0.8490744674516207
0.8485597071756583
0.8480068696346907
0.8491543040905843
0.8486397388391536
0.8519895527071023
0.8515279390447534
0.8526009505219813
0.8556599098754188
0.8534767496475345
0.8547304013827316
0.8519455695841418
0.8459880349566334
0.8428240453600341
0.8411666048958255
0.8423290819409378
0.8425608509700054
0.8433354835943587
0.8392609974144671
0.8084239181222476
0.8119446889339589
0.8097445334366965
0.8130129358290465
0.8274504482043082
0.8281171754608956
0.8287703989480093
0.8294572944707896
0.8323472248448097
0.8316910288360387
0.8223933142765132
0.8215671456058817
0.8197248314712897
0.8194724807783879
0.820158789655825
0.8239683209546488
0.8161170625900923
0.8192490231895907
0.8194755480745547
0.8189556657720828
0.8187311666720622
0.8241594674597157
0.8179107480181429
0.8342338750651281
0.819247980150037
0.8212649190452871
0.8216669100639681
0.8188933652819973
0.8183188885301992
0.8457663375955086
0.8450881047502375
0.8452425869625503
0.846953617454895
0.846450785833146
0.8457150454134633
0.8472584744628775
0.8347137693141103
0.8326924789099717
0.848601158042048
0.8520156018875508
0.831968565490074
0.8340625040966434
0.8466918122213382
0.847199925894252
0.8453281816851561
0.840760065485413
0.8405774329773124
0.8403769604483151
0.8408240658895325
0.8489398013633045
0.8517056662787891
0.8479148639244589
0.8483609101495584
0.8479517465581445
0.8475951979330346
0.8478655642468429
0.8515017779760361
0.83690630593602
0.8529713516784766
0.8533220275679241
0.8377691583454835
0.8356528168768791
0.8423014136602835
0.8421787302185596
0.826769836666985
0.8278544908868894
0.8407511997049116
0.8240339326470925
0.8272451693233781
0.8271637575403754
0.851843443261978
0.8500592312713802
0.8507481839809483
0.849954729655494
0.8493814030270843
0.8491299592321112
0.8494053068864167
0.8470098010139434
0.8468834689786046
0.8482004909861011
0.8545357826758765
0.8496371198222538
0.8448629202156128
0.8421458616131543
0.8431469332037023
0.8430631803867297
0.8430270878401426
0.8441663877571616
0.8279575756975022
0.8330385872885033
0.8326094110321737
0.8328898811484048
0.8331246042507883
0.8431654174759238
0.8255677462246146
0.8245681958156106
0.836139067525409
0.8278274829019929
0.8280412672356201
0.8335681357373571
0.8239997769799294
0.8354350722748753
0.8272827862148849
0.8367937780562321
0.8277947451456136
0.8427944245035259
0.8476071724316846
0.8352481748838639
0.8098921642967261
0.7978999028319519
0.8007214574088404
0.7998275139644047
0.8009368172263822
0.8007167170485938
0.8019197443564419
0.8063066032905734
0.8057184027981138
0.8058556226164556
0.8156855909239802
0.8135438770027258
0.8191773038065859
0.8572073704079344
0.8500695480962639
0.8388882818068094
0.8431597880968513
0.8445404876129006
0.8169972517367476
0.8270997723106789
0.8274287270060174
0.827311747562115
0.82512597460577
0.8262353017970631
0.826519073967427
0.853687685563263
0.8535531099057329
0.8535957165864586
0.8550663020936003
0.8538924527037778
0.8553611867108377
0.817319316095588
0.8177717864633444
0.8160108856311783
0.8147704252888138
0.8146805160826661
0.820560531556546
0.8238775493612975
0.8304833373394551
0.8387543795007074
0.8320720595158224
0.7821751538814753
0.7813071464055076
0.7818896939052076
0.7840659306819489
0.782935372046492
0.7929499139331881
0.7937105449825486
0.7949102608553428
0.7965019048446754
0.7989385015653243
0.7940169689994979
0.8016671512298337
0.8052125154516254
0.7987529111962314
0.8030784571825451
0.8040098777295499
0.7863405947754804
0.7858236735510031
0.793678268090078
0.8166474039768366
0.8214542148715889
0.8318553866139701
0.8231900430244206
0.8052283686017494
0.8080376635407918
0.8059150750365514
0.8040880708047088
0.8142922599025503
0.8099221209837011
0.8440831502367537
0.8115867876729211
0.8240770690059855
0.8571201106473537
0.825096771183354
0.8167552296940586
0.8178221374665432
0.8178677069146502
0.8424250313430798
0.8157541924291671
0.813475708245415
0.8274789488194049
0.8245092549414763
0.8260570261425061
0.8229609403439285
0.8296534545299804
0.836835696305131
0.8550976910948447
0.8550555626800485
0.8530778600524762
0.8444860770132714
0.8411133132935547
0.8370442131931681
0.835584792002267
0.8396161185124043
0.8463177095750185
0.846321775012947
0.8432884152565002
0.8419467432767495
0.8480177178031695
0.8486460867148434
0.8490831523367939
0.849627055204327
0.8590587314231883
0.8604116704278193
0.8592911472911392
0.8598301662062833
0.8550486565986698
0.853462540453809
0.8457481242458781
0.8442986586955226
0.8416764718549307
0.8433879712893428
0.8391328945220403
0.840919839644594
0.8595653439981982
0.8597262016271696
0.8259111375651214
0.8257635278963805
0.826200650170793
0.8262033299704388
0.8227400048036935
0.8231435915229874
0.8224332496555807
0.8222292458205718
0.8121123434950273
0.8096816414392501
0.8045243136532808
0.8068573919041935
0.856674360220854
0.8573056650198843
0.8564268892504985
0.860088543643158
0.8598409359486311
0.8433312494861069
0.8461087870586924
0.8721937434848059
0.8726450178433719
0.8733630821626865
0.8634473786853022
0.8674288154053497
0.8674126156175908
0.8706497111504572
0.8665473527562344
0.8667870660255238
0.8667798659588063
0.8653000973986972
0.8411156895036169
0.8496488528713505
0.8553151764159769
0.8649365939880561
0.865196382390865
0.8566015616571595
0.8643446413355752
0.8473948147084626
0.8550816041730794
0.8630383846329645
0.8752692575787379
0.8701128381842343
0.8698550292899598
0.8679534222157782
0.843145188455681
0.8473372190478562
0.8470956825930952
0.8485745560408068
0.8470856062107751
0.840131607562466
0.8454677088542545
0.8470585305652341
0.8443149214349449
0.8484602437401447
0.8573983536949842
0.8576101552873628
0.8653265566020806
0.860129021094086
0.8542850836898074
0.8540688188834774
0.8499418362520623
0.8492551866723481
0.85367601561214
0.8516439214791072
0.8518798813690612
0.8521136396239297
0.8592561792232403
0.8531989006215146
0.8292677315985727
0.8371197676458643
0.8366110436436093
0.8370241254934312
0.8461410558696625
0.8423167672873512
0.8101518748552314
0.8098488333524853
0.8091449417569031
0.8095333129143581
0.8089201498141736
0.8229922903012239
0.8231661599713792
0.8266165945751034
0.8184408686516056
0.8098091358955213
0.8165474889284648
0.8175322940478824
0.8174767326445109
0.8274371522300381
0.8291181202839308
0.8275640189874125
0.8294034480162981
0.826776342898097
0.8271608238222677
0.8229655775053674
0.8276432326377559
0.8240650775287126
0.8373403130127863
0.835367373547392
0.8355593813508011
0.8350479662997125
0.8384860131015459
0.8337059691899132
0.8269609176858351
0.8265462680513019
0.8305159758645869
0.8449259665483224
0.8463696596884852
0.8462746952277101
0.84673038714921
0.8429905300432694
0.842530928098625
0.854190816833239
0.8340598407680373
0.8347809816275417
0.8395733780791492
0.8347849544007424
0.8434540268988818
0.8434392020201354
0.8417297048403355
0.8515185045999311
0.8491336168626539
0.8530497429980882
0.8402247856286944
0.8418501469511646
0.8223594396334659
0.822637601029584
0.8236972636182092
0.8190752051433743
0.8244977416938181
0.822169153191629
0.8224440036660211
0.840740779064115
0.8439304308951283
0.8416207074996279
0.8415533539039312
0.8393123847943199
0.8471675713751219
0.8470202049975989
0.8471315584252618
0.8480956974973803
0.8385920125452457
0.8381257213172839
0.8485663025194848
0.8524299942788728
0.8558208593422606
0.8599467767043963
0.8602548130882738
0.8574297214697882
0.8488912958196466
0.8502204489354963
0.8499102777517709
0.851008250758339
0.8500550203930245
0.8466088691281602
0.8415301782297755
0.8415487073539637
0.8426298309298526
0.8411424471506908
0.8520930415281862
0.85204176546306
0.8523058995520872
0.848220676749489
0.8533023895572379
0.8538833191224495
0.8574288424191919
0.8463955987248012
0.8460878096842281
0.8459897176663129
0.8461901263060277
0.8455284912051163
0.8446290208125663
0.845520882105277
0.8433046910825474
0.8419060333632382
0.8494425306199086
0.8492405879473082
0.8485867118166031
0.8481540663622434
0.8533274514324851
0.8530405258894134
0.8533035882929904
0.8533396621999954
0.8512320755911188
0.8553422099125695
0.8471918874877347
0.8471294432674757
0.8423125683368886
0.8501955474613248
0.8484654619991765
0.831229444280489
0.841456966116242
0.8576915641255124
0.865080593920391
0.8568597798795393
0.8563250942569977
0.8490190879101552
0.848946906807557
0.8583084616613302
0.8585897992763418
0.8563212374386969
0.8531197634203121
0.8420236278743514
0.8443565059744463
0.8487604482171268
0.8422462540297033
0.8643116714073726
0.8694428247487576
0.8749773519950595
0.8881354155917364
0.8896999216669343
0.8863041524393662
0.8861632824264761
0.8508453933032898
0.8623315117101928
0.852944689129564
0.846791243982584
0.8570678740891217
0.8708646041314266
0.872785307837677
0.8632072253606359
0.8729693796900108
0.8731419504468413
0.873657201957088
0.8738145603153249
0.881884575365284
0.8862168269531
0.8820113505442639
0.886258229488302
0.886824122587907
0.8861346404753258
0.8815645949868619
0.8868350939687056
0.8917987616485542
0.8946437005421582
0.8944882827454897
0.8941565098897006
0.8941918701389784
0.8942472450146873
0.894256256466063
0.8940368572637917
0.89439595204396
0.8953227357558093
0.8952164762603798
0.893918856931069
0.89487902618425
0.8955853736908365
0.8930435201960537
0.8816206294493868
0.876571192360716
0.8765183941301912
0.8765802192750095
