0.7291981128154122
0.7354642079428749
0.7426245584990171
0.7430895441087544
0.7502317726862349
0.7553152700505986
0.7495439307722872
0.7515366278782473
0.7682053401163381
0.76161365611399
0.7501111338422938
0.7462807732277423
0.7612882269983978
0.7400174880668245
0.7548363266452495
0.765020875086468
0.7555555417890817
0.7900872472594481
0.7804264530761711
0.7805857562964954
0.782589784050277
0.7904170261995878
0.7829348035725547
0.7858492207573119
0.7911106805811302
0.7900869419798502
0.777863506705982
0.7786008129288706
0.7755751607608105
0.7776303358238879
0.7764449042751524
0.7898965028094428
0.7765194917166024
0.7604921396060825
0.7749668953233643
0.765149028700408
0.7684755670109132
0.7636077079351032
0.7733388979532712
0.7788639957749461
0.8605511743561692
0.8633845983620146
0.8595619793681832
0.8812756042209295
0.9068320359467135
0.8800872240944796
0.8668183032184312
0.8666953743911293
0.8665680076945714
0.8832064143100695
0.867078809238721
0.8684701917693457
0.8743815750259913
0.8509314143663823
0.8574461895635044
0.860385906968408
0.8582591408049939
0.890390909015584
0.8921798629515292
0.7659965992649727
0.7677108778672908
0.7822076045038052
0.7788076696931713
0.7910762806186309
0.7789956740322452
0.7819938928965872
0.7856308265181359
0.7754286449102371
0.7737028698025309
0.7736577685180922
0.7760514387525986
0.7748068846143885
0.7805984400510815
0.799233203750548
0.8010832234515091
0.7874187181003068
0.7936595492108824
0.8070870801838338
0.8052146695413317
0.7983508959761397
0.7763094568961215
0.780824628038944
0.7706835485964426
0.780413556661351
0.7794538645208783
0.7717149556129725
0.7715608094153483
0.7897186005423238
0.7955677770660143
0.7968910178976507
0.7984382536970713
0.786295710250741
0.7865843193035126
0.7936677448403884
0.788800900084268
0.7893539599672059
0.7893560662000588
0.810492781000749
0.8135358613340852
0.825419979310146
0.82538509975992
0.8419440591617466
0.8257432964904131
0.8132338163761204
0.8110300720157367
0.8117651951395427
0.8115820099299808
0.8135880942155665
0.825619250955436
0.8141278278939879
0.8134769288818517
0.813695291580147
0.8258701805770573
0.825631671611184
0.8344790945714339
0.8370633599298628
0.8384805745895085
0.8411211838091908
0.8268673835361289
0.8275610063147966
0.8340586252035258
0.8344041276111862
0.8347308400114823
0.8356932692815577
0.8380465736885019
0.8348856198682297
0.835299142328411
0.8248299407810751
0.816125749439514
0.8168234681882666
0.8159715676920878
0.838971837717355
0.8158628068987208
0.8150811428714333
0.8164590165119006
0.8175492273105771
0.8198303832477538
0.815532440048718
0.8143897516633954
0.8155521188549909
0.8163449724625019
0.8129289442427757
0.8113646778334308
0.8115666201806805
0.8301583969141748
0.8147574463205551
0.8216776048242836
0.8227500629671276
0.8311162988281923
0.8315349994292662
0.8313926283663615
0.8314149776583654
0.8314309453057622
0.8313505596867385
0.8318772823110783
0.8322065335829946
0.8430429071070802
0.8856867978013835
0.8858525914100628
0.829389390395686
0.8379469112560483
0.8362281619925995
0.8365162458275563
0.8418646149299346
0.8432188452464505
0.8433375753220198
0.8528848337394112
0.8492922962177968
0.8598553018680741
0.8594904592581722
0.8600058114714915
0.859771455620065
0.8599837913192251
0.8596521977973847
0.8594540388569106
0.858916685317547
0.8664540295515006
0.864965235793744
0.86938146651426
0.8644606101574122
0.8659176552325448
0.8641822146029203
0.8637410185320896
0.8766224505021495
0.8818636956726251
0.8804916582670109
0.8690677474258819
0.8692369760642902
0.8647067415894178
0.8630887996437062
0.8630997235499037
0.8751479879624977
0.8633444542923912
0.8648600569813484
0.8762484605228513
0.8535127873267082
0.8536551429128877
0.8594359716500051
0.8626482075386116
0.8552835843971451
0.8526900191378873
0.8526776032309589
0.8596621786594244
0.8691126221174456
0.8594900522541168
0.8589779185101979
0.8630602697302908
0.8644613261266614
0.863251561233472
0.8513518458595954
0.8504098214731913
0.8728419146166334
0.8685015536761627
0.8532369528001785
0.8525203196749167
0.8580958025376786
0.8571206390311201
0.8278519338593233
0.8416487378338466
0.8227369192041298
0.8229271730914808
0.8215609636064192
0.8040107645754434
0.8078801198064343
0.8232309282049018
0.8221736544385063
0.8099860481747903
0.8090530793768993
0.8013566534878
0.8014335792712884
0.8004217865112623
0.7991933942018835
0.7990791620421431
0.8152280225687951
0.8081249115115376
0.8203018264456579
0.8205169644618847
0.8187040628756052
0.7954922418850447
0.8017278701098003
0.8134897557185088
0.8033789936232641
0.7979647671061425
0.7982179061790727
0.8101299484300528
0.8078465028303199
0.7953623445107054
0.81359360791106
0.8130817990407702
0.8048613465423092
0.8154305124466019
0.8064088926489362
0.8043246525577523
0.8074195446160156
0.8070216973284876
0.8078342163860437
0.8078343219445331
0.8379067824543526
0.8175234549364673
0.815433152993519
0.815265295931597
0.8147335090296164
0.8144624676659747
0.8146772642432055
0.8124433799507857
0.8221475470397818
0.8255692191877192
0.8055634037147775
0.8265266798034293
0.8266509248753797
0.8048204011526264
0.8062101244788874
0.8263086070530492
0.8091903230329068
0.8150300463523008
0.8007389060754092
0.800376449546726
0.7939912798377776
0.7949402536768471
0.7936418596720834
0.7937108169726987
0.7994518101125497
0.8090931911286564
0.8177307294205098
0.81038429487069
0.8154299970509522
0.817534087530581
0.8149309344013391
0.8303288345599339
0.8174259501715914
0.8197514688938656
0.8184470491971205
0.8117101849292999
0.8179870486564701
0.8163748304152314
0.8264793028061029
0.8255014905036717
0.8123637273312188
0.8114079400959423
0.8221931724393996
0.8224886418341714
0.8219667507918617
0.8344791754767318
0.8237272070969262
0.8246732240556894
0.8146908027558009
0.8155026586651183
0.8153500287486168
0.8257412916048456
0.8245321638610889
0.8333087695788386
0.8334228274865547
0.8194636546715517
0.8352022084924092
0.8353216463310797
0.8216109830346907
0.8212911043740294
0.8308505315972095
0.8309559161669464
0.8337518402903199
0.8286183097230975
0.8160491365737205
0.8061207172370649
0.8171761950323051
0.8474885068010274
0.8211899151346127
0.8123107403444771
0.8123387283880632
0.8144792105130274
0.8102155860838043
0.8095107861365379
0.8051195528672833
0.8036619979896014
0.8030386363082318
0.8051242471198576
0.8080479315224675
0.8317594166150845
0.828637124185852
0.8051944789759813
0.7989885902839919
0.8007178053100347
0.8154256069605215
0.804338308688657
0.8138728653966532
0.8002875909548178
0.8000473006123494
0.8208608993693245
0.8179627594044103
0.8014665366949785
0.8009230997447763
0.8181743659927799
0.8182050350312413
0.8013163422899677
0.8014205279791383
0.7468459871520094
0.7860072866738337
0.8155267507541478
0.8042190763970188
0.833290717575447
0.8334265472998296
0.8490364059863339
0.8244280461326319
0.8291923514610106
0.8256479846423597
0.8247379151467197
0.8240714575396275
0.8226665442067828
0.8356824800830253
0.8232868213585487
0.8289968214845524
0.8115312011944962
0.792714231583787
0.7802286322714007
0.7926929611397202
0.8009560131761824
0.7938304456442457
0.8047195731185605
0.7949944607144215
0.7934930004280418
0.8026957474271691
0.7992305107607556
0.8346497780205675
0.8193199783701514
0.8276091281841387
0.8390381478145855
0.8428083165318119
0.8271604666093122
0.8204528459221735
0.8420708084694954
0.8479463128746778
0.8449005581570315
0.8450001858022694
0.8351236265445643
0.807888607700856
0.8072622663602173
0.8105139523517773
0.8258078270916679
0.8150960103733755
0.8127873638167517
0.8174470196684464
0.831208494546819
0.8339080194994146
0.832038900956452
0.8350863322819293
0.8361099631297674
0.8401622867190295
0.8438999714821573
0.8295562692543587
0.8350170324986088
0.8345381552872204
0.8345708245476904
0.8356508519712191
0.8850672328513411
0.8475166373547313
0.8472969816280445
0.8258521061942694
0.8264636793420044
0.8263756017011324
0.8181068352597912
0.8180497293161364
0.8183203493915295
0.818913509173949
0.825765138275393
0.8053007411641332
0.8060912617261281
0.8094522966765209
0.8338540606897128
0.8412010971521036
0.808225122422028
0.8373157070703036
0.8479800452895994
0.8142431923568421
0.81446537072749
0.8152854135386144
0.8073962638844228
0.8273302520679073
0.8275009404132062
0.8292486715543788
0.8161991795689563
0.8146685119040685
0.8358550650609233
0.8485058318074605
0.8474369665128915
0.8484349230690658
0.8473780439836512
0.8486978089079749
0.8457133672160385
0.8455396383751866
0.8371373250874726
0.8371929645623394
0.8177685479647515
0.8067759634818037
0.8178574233678787
0.8212780401688068
0.8359139765383741
0.8233703017682122
0.831685760518229
0.8058228548836747
0.8377749918569889
0.8269008014850276
0.827941211840456
0.8313008427053574
0.8480342069144554
0.8106327882212399
0.8076367049949501
0.8137613037031964
0.8225712091474613
0.8338518944681709
0.836535131692845
0.8220655565563361
0.8335964013689131
0.8331853628935058
0.8204830967868557
0.8204909903203977
0.8206548650522473
0.803225977191784
0.8116292983844469
0.8155156584868426
0.8109134540117071
0.8187060869924775
0.8068042054289472
0.8079356206690121
0.7946166238082977
0.7948691656611611
0.7974014488708605
0.7972697865436956
0.8079289725285514
0.8065120138639364
0.7940157753354831
0.7983148721657675
0.8118599245578181
0.8176640291562077
0.8134162068216676
0.8076740309487527
0.79908300800262
0.8066290317870075
0.7980153635022735
0.8035350125872817
0.7954099627181606
0.8108256165558441
0.8109024892755324
0.8072990338846846
0.8068589466944384
0.8070407269434712
0.8026500048247172
0.803496955049521
0.8017859992299773
0.8014016400425281
0.8080370615690815
0.8080250297049555
0.8080558165238884
0.8024958390590302
0.8099554580310073
0.8071142031388198
0.7791570650691592
0.7782403783803149
0.7703246519704202
0.7862411587572996
0.7935932084110484
0.800879959342384
0.8015480098106877
0.7965135671566412
0.7968054128398987
0.796490448415726
0.7995989310168822
0.7996363913708122
0.8072006905867483
0.8044838473970208
0.8001719015634632
0.7985645472394253
0.7981427103864928
0.798216506134495
0.7990511356591647
0.7864204243663422
0.7970485832051766
0.8073661330752019
0.8087731901174527
0.7457673783937206
0.7481610515574175
0.752436492464875
0.817977759386965
0.8181807964627921
0.7672920615867489
0.7972894396572271
0.7908501104726571
0.7610596688387478
0.8151817796483829
0.8174048110073556
0.8148323914586284
0.8152885847728502
0.8115822006847699
0.8192521322154869
0.8198063299637962
0.8203318484706218
0.8225330081894062
0.8233155571977706
0.8234419100602407
0.814614906935145
0.8122178589752627
0.8081374086738509
0.8121116366506401
0.8100874503610401
0.8158631693315751
0.808336744482385
0.8043247361992525
0.80394995323936
0.7949995087949298
0.7909115203879795
0.7984461574509015
0.8041349619982281
0.804477795685625
0.8047650261025733
0.802426800384497
0.8054871361108041
0.7985518762493033
0.7950169963796343
0.8001918385174889
0.8033824594735528
0.8049950931802314
0.80484908581234
0.804736509345866
0.8256379457458383
0.8274488235234687
0.8273484707096445
0.8273161249063212
0.8261457388100321
0.8286588916794991
0.8284284123037806
0.8169739113001919
0.8163760153876995
0.8135225668642009
0.8271195830605803
0.827375969718557
0.8273036283785461
0.8178282386112707
0.8282262950551065
0.8177244736078604
0.8246014058019135
0.8173929855338273
0.8167342045815388
0.8114225543239834
0.821246613750227
0.8099710044032756
0.8108383741432994
0.8165877277069067
0.8276062876194777
0.8027229923337127
0.8026843419628665
0.8055772567135114
0.8009234692439262
0.8001673817385851
0.8005635074587213
0.8027107189916061
0.801812477022503
0.8020808721109842
0.8023721550279977
0.8020592042034267
0.8142207338386797
0.8014397549917593
0.8081535194211383
0.8071034998699852
0.8144743990162278
0.807021790731231
0.7985037259613968
0.7923290026807313
0.7985416653816705
0.7975458038344455
0.7983112320052846
0.7976218960279158
0.7977797961142549
0.7984144118048887
0.8023565638908621
0.8070044012036373
0.7943292633795953
0.8084220365800424
0.8079099569812391
0.7977622424215153
0.7969339966253903
0.812327366978946
0.7868952653034829
0.7888123907794676
0.7877812825845556
0.7877679933078442
0.7973743327563962
0.798974434187027
0.7993332274073397
0.7995271158656388
0.8045205630675774
0.8036825196197976
0.8085421222555431
0.8098990883954476
0.8082027242558288
0.8071178494868392
0.806764083670266
0.8071887476793246
0.7571625365020077
0.742174538954453
0.7448915956755536
0.7528931426389334
0.7488678203493923
0.7543106354748624
0.7526372542198319
0.8379175420880528
0.7989048888761774
0.7988141990303542
0.7987768942767551
0.7990226357523417
0.7987421429416941
0.7988916882995737
0.7926904654455385
0.8274735113650862
0.7875967954755871
0.7876137764331861
0.7875254121594107
0.787382625880948
0.7819392202431013
0.7858361912118207
0.7856578505226876
0.7896864863780255
0.7792801964411865
0.7809947566285829
0.7758639860241467
0.7784536685933863
0.7794826239134856
0.7790840772472376
0.77950745334626
0.7806793275920548
0.7779039524316791
0.7862200108253095
0.7754360277944349
0.7675684857368406
0.7684532179147618
0.7682944469418486
0.767842496725617
0.7704170109956752
0.76927467019302
0.8091136400650325
0.8041290084427223
0.8083699324636966
0.7670542641941184
0.7672367562873715
0.8074788604489684
0.7655823526009606
0.7747732877822872
0.7744211556394376
0.7745760222499526
0.7749013010931878
0.7745697167306751
0.7745561456853047
0.7755804795843049
0.7760406330590846
0.7645565228315927
0.7774994262648361
0.7647251082607789
0.7640035794274683
0.762800586310755
0.76310843486897
0.7627693752708079
0.7641299628294702
0.7594058528814331
0.7661647255089528
0.7509404822350666
0.7849178966823497
0.7854349364665792
0.7898413524002793
0.7935802776653126
0.7984217107726421
0.7773217330435395
0.777742772389047
0.7709956301869789
0.7693199209395221
0.7709475604163919
0.7723120308239442
0.7723934633200561
0.7713506024416031
0.7772418911442859
0.7863775786883969
0.7744429137694397
0.7710791561301564
0.7791928480865716
0.7823275891030019
0.7825940071800538
0.7674004244204722
0.7670959680728474
0.7661828922044245
0.7718587409547906
0.7780528575390321
0.7786434812797914
0.798805682287759
0.798928209334288
0.7658189422623821
0.7950602524814729
0.7914301624253854
0.7965385649732042
0.7972344133896826
0.8130814751649442
0.8132504547839342
0.8100669204729949
0.8100127684537461
0.8104409705301199
0.8100498522460651
0.8094571174323975
0.7683927624289844
0.7642978493726107
0.7699268360191406
0.780470642301012
0.7852380487302709
0.7851682949394415
0.7723315766039035
0.7722897928059669
0.7748677499444347
0.7757266317875109
0.7712250642616463
0.7722652934897198
0.774152373301447
0.7836360499890616
0.7847905283607921
0.7883524331509053
0.7714396866970096
0.7692301170193574
0.7683591065796578
0.7739442378234355
0.7830905029689169
0.7796625324558625
0.7795206036338553
0.7799092087412427
0.7796517997381487
0.7788221716796395
0.7853087682526326
0.7858549500870555
0.7851863665195756
0.7899860431412759
0.7889947351945608
0.8061075250405468
0.8064530515581522
0.7886292098159807
0.7742048768834064
0.782020070670883
0.7879893225006682
0.7990271080757164
0.7995546720077356
0.7984223998789545
0.7989406246700137
0.7988201221804503
0.807944294746451
0.8028120162676523
0.8031067408022605
0.8072068880558272
0.8029290663963763
0.7994067080945082
0.8016091970346539
0.8026984396927663
0.8069393277181787
0.8075681944984162
0.809409899884953
0.810057246884366
0.7979645594021966
0.7971165955424733
0.7916904952051722
0.7992190384224569
0.7976501819428952
0.8076329189161472
0.8062546494834005
0.8052970170551982
0.8040530795223592
0.8022968955045421
0.7959521892195627
0.7933188165722431
0.803511647380928
0.8041534377297221
0.8047405256911309
0.8045357024860401
0.8041660448630036
0.7952134045323678
0.7961472349941242
0.790160044535849
0.7939514517262584
0.7939433353566117
0.7944789372399831
0.79299296301875
0.7995946277240876
0.8003663374357308
0.8005902101502205
0.7930500273702255
0.799476910926886
0.7989522413045639
0.7955392844336948
0.7908575082248346
0.7920677300644835
0.7929176373086622
0.7928858298035688
0.7946818629341572
0.7942510439594426
0.7899530564581599
0.7917987252392212
0.7911183518394296
0.7898861283452724
0.801393350612829
0.8011706092145019
0.8014676934254182
0.7968540547419937
0.7820082190109479
0.7835483772790998
0.7756451605396115
0.7804788838036236
0.7812988234954535
0.8123881962378505
0.781750174551493
0.7940303029322242
0.7947230864514028
0.7948002462054518
0.7985992983342408
0.8046575501842193
0.8130956958347048
0.8124241709792955
0.8128426537416652
0.8111144681528529
0.7961913417962425
0.7985740509421634
0.8027670959820009
0.8037556265626785
0.7948203384067294
0.7909668218122614
0.8002110717683937
0.7974578430164919
0.7932500426666451
0.8033763848512179
0.8099401907700169
0.8219494510015604
0.8056614867834475
0.8055874281794776
0.8063298840549871
0.8069155540271724
0.8042422520357413
0.7945595117994397
0.7943273057234795
0.7977391501956698
0.8063607698089132
0.8072244375455001
0.8071610146887644
0.8170749307536894
0.8121623718775425
0.814706333636081
0.8123610080444971
0.8159763292134335
0.8162614587604485
0.8164490947793683
0.8170320279022034
0.8144488067305004
0.8145255852921073
0.8142803515796766
0.8121229208384412
0.8123325853161608
0.8009340561561373
0.7928240920237671
0.8029383544315217
0.8006417237890531
0.7982129678521505
0.7977588359319324
0.8002220128015359
0.8211794001432436
0.8014688274017508
0.8040143556988338
0.8039901578828242
0.8043039956630444
0.8003860631243522
0.7999773047200665
0.8011775538839429
0.8114066382052614
0.7910654187529503
0.8025103647229607
0.801576374428892
0.7947063491096285
0.8038554581841201
0.8058794751512955
0.8084194645749936
0.8137494026943936
0.8027382655174242
0.7965809921952857
0.7965332521705553
0.8060626955299794
0.7993828126227327
0.8029841190545784
0.801480930799426
0.8062536155052791
0.8058213941375059
0.8098556801355989
0.8053645848724275
0.8033304773016967
0.8049353184017894
0.805464845263114
0.8093963197838261
0.8092727392791812
0.8067400613092325
0.8048628726697163
0.7930802145798327
0.7887514469296197
0.7859071290418841
0.7863250574859845
0.7862660510918872
0.7899510342101015
0.7931064876453044
0.7936225259916153
0.8020665045364181
0.8020535514509419
0.808105774843706
0.8045290021518918
0.8032882373734128
0.797455289448521
0.7964743217098289
0.7931077312376025
0.8013306740531085
0.7948989170901638
0.7944776409980909
0.7986421705402911
0.7949574603199021
0.7944996053061438
0.7941693316284777
0.7964586082021761
0.7916975402016313
0.7850983117819613
0.7872425294982794
0.7872829043023012
0.7871166728925935
0.7871199584167472
0.7898508606296563
0.791506145021352
0.7873528745075836
0.7924343721540528
0.79885530321702
0.7976619838338226
0.847197677137423
0.8464200208237785
0.8394604822390684
0.8396952245765447
0.8426612030767592
0.8423478711308651
0.8475445761284225
0.8470221880307638
0.8498636951201751
