0.7504906948753494
0.7575121754562802
0.7764730605527844
0.776220547639135
0.7761392690230094
0.7837658163647376
0.7841584718417614
0.7843140370846794
0.7810524631402497
0.781234007438438
0.7782373739649568
0.7786410080832415
0.7673210762816757
0.7400255051268761
0.7599346787400563
0.7936073606500764
0.7781484778071176
0.7984494035808727
0.7985216140336462
0.8222473508634094
0.8330191077518314
0.8442468431214801
0.8299118672638767
0.8047558633610039
0.8109978164666188
0.8460107239477075
0.8083646942166741
0.8096841465291588
0.8102571131225206
0.8312600738919692
0.8425977107331052
0.8430424485580592
0.7855088369312635
0.78673331102986
0.7580464463778643
0.7597235410990124
0.8077803790277213
0.7585539661250262
0.7647111916050264
0.7672549463352477
0.7686828294521612
0.7963587371491787
0.799910889109294
0.811426455703538
0.8122974078226135
0.8120179245928227
0.8133083760756753
0.8379639190614416
0.7845290174412013
0.8064466388560747
0.808683668890264
0.8087667126839073
0.8101024908872905
0.8102514568045541
0.8095314629921405
0.8364822924634233
0.8310696827741146
0.8678750410954994
0.861030577309872
0.8569548372011419
0.8592662999483318
0.8568002657547881
0.8063332159854998
0.8073037949164842
0.8075275795177964
0.8072751291218635
0.8073777607907227
0.7967586219667387
0.7974616018832946
0.8058715115618044
0.8029990743700601
0.8462890116219559
0.8456253865923898
0.8409601477005495
0.8446190163624563
0.831717292665981
0.8331518636743023
0.8421731465414026
0.8337614778616277
0.8332640802824163
0.8456137435114732
0.8392068470554329
0.8336978054860792
0.8388559687484703
0.8401480951690921
0.9066632319820005
0.838327004709403
0.8432755174764938
0.8489527533678385
0.8497362551203911
0.849780343177123
0.8507718282290997
0.8508473192871999
0.8591275009321132
0.859313768815908
0.8590697228647372
0.8800538293221141
0.8786055088542812
0.8784874477333241
0.8799696519267043
0.8813888679555599
0.881578897307201
0.8820307403782398
0.8806826872706395
0.8700744896740317
0.8321731181199243
0.8318683300878744
0.8345379621995752
0.8435832861050142
0.8328067697713573
0.834999346249412
0.8699313866246573
0.8711819452926922
0.8704619942599019
0.8702660585146612
0.8129871593291564
0.8131075927870078
0.8184124514656246
0.8129707012155044
0.8079401492734785
0.8085813287106692
0.8141139392922885
0.826941898921312
0.8340739783379892
0.8069790860555244
0.8144867159564776
0.8129741705547635
0.8255467017082281
0.8303179891125285
0.8262830659897759
0.8173898137317387
0.8101518223820684
0.8100981990050721
0.8100844744855116
0.810212693978047
0.7990781342876566
0.7999017635302385
0.8014731756581804
0.8040765521594441
0.8036932679197911
0.8227002809315397
0.821244425548918
0.8310562201682419
0.8069678095170847
0.798831552338046
0.8136849749731914
0.8124463466259014
0.8122350903831206
0.7939587788940844
0.8068626017922023
0.7990200092758469
0.8071579731264381
0.8010132827629706
0.8209091679927847
0.8050823378702944
0.8268602819710642
0.8026613879290586
0.8239127855044361
0.8069785961310524
0.8070931819619531
0.8069276125419085
0.8070529948388317
0.8337975439328934
0.8049866417073072
0.8259443333497224
0.7733422573406916
0.7743241895090205
0.7774852271796503
0.7792943051415951
0.776552088270852
0.8357660611996234
0.84871567283687
0.8001602672651265
0.8073105858392389
0.8104063933442088
0.8069838056199164
0.8073409894229012
0.8153952143208513
0.8108246467826753
0.8323882166481367
0.8319357874831501
0.8497510341720774
0.8243540241186986
0.8693948128716564
0.8698502353368325
0.8695958547201653
0.868378704183827
0.86855186749292
0.8685619465048754
0.8555470100326324
0.856355562219155
0.8540009684665782
0.8539014082682609
0.8589422052128574
0.8590088718404558
0.8586160657733442
0.8540715462524818
0.8643108988673116
0.8548617906475441
0.8545326028946922
0.8588189941387677
0.8638309482530637
0.8633720291051257
0.8687097317658671
0.8686407347175881
0.8696824651822669
0.869932965618239
0.8985300366298801
0.8691148009862987
0.8695842758995668
0.868743247538958
0.8689241790231702
0.8691570480162072
0.8692223286232601
0.8791414104609807
0.881129309074495
0.8750434409039286
0.875108929419909
0.8749700813721445
0.8794282565088438
0.8796328665202081
0.8797791309464364
0.8817199909689244
0.8847846255613677
0.8901342780134703
0.8898867689702459
0.889435295185133
0.8839226489517221
0.8846327573152579
0.8843941992341323
0.8898236684090632
0.8846276055569432
0.8846115197967064
0.8843933732441042
0.8842624187162835
0.8838760757745892
0.8836457279245444
0.8834560807475608
0.8890780086355953
0.8887855078523083
0.8837030730668805
0.9034095244180812
0.9029367983066567
0.8834970865268196
0.8832050349334927
0.8922776999236912
0.8924008039141064
0.8952198237731251
0.8624748379710921
0.8954195624019033
0.8929768016171745
0.8956796485188855
0.892873527666106
0.885455396515106
0.8849792243533412
0.8930654559661534
0.8859727695323597
0.90139732365404
0.9023629615364392
0.8893138145886212
0.900884975280551
0.9061215413924626
0.9046189597444473
0.920517913866848
0.9003221229539302
0.8972759370458457
0.897183025792467
0.8971993208493125
0.8969855842621947
0.901751858769697
0.9007627226632839
0.9013113431163103
0.9053014643167184
0.9006931897392636
0.9008702325826524
0.9045327185018811
0.9010832468845716
0.9157217867897303
0.9171849468364197
0.902133071829616
0.9024204214432067
0.9023107974971302
0.9205057582919316
0.9051926433813677
0.9064647710539523
0.9051063564718665
0.9199304729814505
0.9102858225463002
0.9103092242011372
0.9106857815386976
0.9142500104470523
0.9111725421290113
0.9049547257449067
0.9155293012126227
0.9028624835736233
0.9027642913302546
0.9026104468272937
0.9083748572942596
0.908520397256419
0.9084127141092092
0.9083160578851829
0.9079533358933913
0.9077326147868774
0.9082578094030842
0.89862270001705
0.8993839616102495
0.9018737587213229
0.8988622618198051
0.8987138823384149
0.8984963021109607
0.907709421464062
0.8612142481626698
0.861172412832683
0.8592366086683405
0.859027399598186
0.8700323822160502
0.8588629731499068
0.8588217547550775
0.8555722234498594
0.8556280249317725
0.8553580164647689
0.8690516274025842
0.86919996252143
0.8724000289694039
0.8725543805321442
0.8722469949708792
0.9013282600301936
0.8725111552682716
0.8729088477408102
0.8750626647694484
0.8753436347575452
0.8884763205854765
0.8896735732323738
0.8885330951814848
0.8883561593158906
0.8960979331760769
0.8845687981161069
0.8948476502763425
0.8949379689964415
0.8952018917457609
0.9147112575220608
0.9147802724123023
0.9126312920104052
0.9126467171857489
0.9139508621228879
0.8967298189983227
0.9042331203267139
0.8994423350029035
0.8883689883374518
0.888139210639631
0.8993458606645492
0.8554593752305505
0.855476606391922
0.8554952560709302
0.8564315816343554
0.8561919645218559
0.8588480361356999
0.8565094259072714
0.8427313351209428
0.8450238957306473
0.8568201580752463
0.8567144502719221
0.8767667816110866
0.8755678967812905
0.8611015701091276
0.8774495625858544
0.877360116626862
0.8794507587942862
0.8954482043639141
0.8726635099177978
0.8831586738877371
0.8828356381853679
0.9117292116835449
0.8756943190287768
0.8754289161938928
0.8754663443410836
0.8759334065638548
0.8762388982622246
0.8763459424443168
0.8692475129248842
0.876224454814766
0.8769713962862359
0.8829691519575465
0.8918893023961196
0.8921696509537492
0.8873596972647028
0.8981816970562585
0.8933853301282167
0.892181047282697
0.892286498376836
0.8639913263349133
0.8763152672430212
0.8762802028829219
0.8761566728996192
0.8701987723481998
0.8703625648181014
0.8703544886118446
0.8702758120557349
0.8624806896649867
0.8624928094650756
0.8624858431283738
0.8623902664579532
0.8622985368026467
0.862178858704564
0.8620582194904493
0.8500140422596743
0.8619143425810266
0.8621247357053695
0.8619954594999668
0.8634540932757363
0.8616621618611743
0.8615948173586679
0.8619167123543366
0.8621160503937941
0.8580189277310537
0.8579975288254856
0.8581447836716397
0.8581086482023083
0.858074075595924
0.8597898637690203
0.8420543295160828
0.8407510650553398
0.8248556776038827
0.8231854977925618
0.8467071282413352
0.8463340347067714
0.8626685846092557
0.8660910187519749
0.8582651339050558
0.8578907924887825
0.856108825831841
0.8623105519271562
0.8673957867500082
0.86234178644744
0.8671725486775471
0.8670175307545772
0.8672877977551681
0.8594484664874906
0.8593778603272919
0.8360607622653101
0.8580682164392256
0.8586095632634593
0.8489423365042168
0.8486674128784116
0.8656903452674153
0.8458520307546931
0.8457564352165174
0.8415659284772624
0.8508443872240409
0.8605874222528309
0.8595367457375922
0.8687337516361283
0.8650717310247334
0.8653646278577376
0.8567784306066996
0.8683967236239747
0.8683742124110309
0.8449908933193495
0.8450161037068835
0.8449963013526716
0.851914915508511
0.8471554997795758
0.8520249077166913
0.8472057528807757
0.8520917051049679
0.8801220033576193
0.8788002960183328
0.8788176646071462
0.8793942364135289
0.8793341710063359
0.8795408913234242
0.898428386370451
0.896748489100085
0.906318682799101
0.8865364355750321
0.8949065308429923
0.8900784526471616
0.8881773786297075
0.9035599738486056
0.8917072079748218
0.8944972390590429
0.894348340311111
0.8945757789602765
0.8914376878076552
0.8912606924667634
0.8916099807800317
0.8891682752092747
0.8770196226176871
0.8769013117430597
0.876566651198706
0.876994837549913
0.8772401056470371
0.886959512906303
0.8746234728422259
0.8845990725665922
0.8772156195911844
0.8770278443241362
0.8818689938315234
0.8818291369820324
0.8833654225027077
0.8754000171400445
0.8825440422740761
0.8828251795699994
0.8711394807884293
0.8571762773275691
0.8568745975776434
0.858221237692155
0.8551630140194979
0.8555554934087862
0.8633229571635427
0.8640455607911831
0.88169448396171
0.8804063810846527
0.8744727643863694
0.8553378407411371
0.85508892613006
0.8570498908024542
0.8521285804294289
0.8520529840336344
0.843432421493748
0.8572196107086797
0.873994449066819
0.8770139376024837
0.877159085761619
0.8812678059715044
0.8911716599593039
0.8848097852303342
0.8848285085989802
0.8598987184616333
0.8602573148853159
0.8672356497447113
0.8625870395656511
0.8624229585866819
0.8649874519084231
0.8645251782700075
0.8646203033336781
0.870822378196403
0.8903719406145593
0.8700381008288959
0.8701468822068469
0.8702642708952931
0.9001522632683456
0.9002498130903829
0.900176183319837
0.9067031330127995
0.8766224079299008
0.8750914969638284
0.8763713296675919
0.8569787215101574
0.8565233644080374
0.8568082352237973
0.868848159642051
0.8566133557365505
0.8565557769201317
0.8867619874525388
0.8856035533104486
0.8864665026452518
0.8862378963983081
0.8810011061617092
0.8892030004094681
0.888837601895604
0.8927802760305863
0.8905140992404621
0.8905142924142665
0.8872216692724747
0.8870172883881853
0.8871741455670165
0.8871200435514197
0.8908323543468427
0.8914893269152122
0.879306841022243
0.8895583220555123
0.9013795163288059
0.9024166215419044
0.9025655599029784
0.9129097955153652
0.8917133711309102
0.8855969642937914
0.89024975666663
0.8988358733853811
0.8987043980466559
0.8977712229881546
0.898448624078173
0.9008427076294298
0.88822454966005
0.8878548565113551
0.8946362576324978
0.8943388195088281
0.8823078550406149
0.871714656333741
0.8717968722157965
0.8782652153456066
0.9030201965227125
0.9030240708319668
0.9031436983078489
0.9032215378834273
0.9028178620617408
0.9028253901711472
0.9028615613278853
0.903027489286957
0.9029935954783955
0.902503993579772
0.9026856843981531
0.9025925299110242
0.9025099559975254
0.9025773168478651
0.8921257909177539
0.8889775749425803
0.8908603032993871
0.8823382252978808
0.8858669567467344
0.9025818367654591
0.8886832367518167
0.8889177065043586
0.9028140683832949
0.8887230306415907
0.8833158124544038
0.8720850113052062
0.9013932860546778
0.8706564287206848
0.901536790672909
0.9014567211391887
0.9011407647451369
0.8969606713348581
0.9014121447553145
0.901672965931603
0.9048016993769686
0.9047925556603374
0.9019143688156831
0.8833017937838319
0.8671780998437362
0.8621450844685924
0.8752705442530634
0.9016707056215543
0.8794453156703653
0.9018570628876499
0.8793690077999935
0.8792485129873406
0.8786786745636359
0.882325398704106
0.8847456778407888
0.8826446507675674
0.8825344368332749
0.8645182160771528
0.8648083463028101
0.8824640705892447
0.88274008159688
0.8829106647942525
0.8827237924009349
0.8745679105821998
0.87591241922225
0.875674491679416
0.8804919413101571
0.8750286715446238
0.8757507213380264
0.8807033949688334
0.886876049044497
0.8831116822681417
0.9018595440007153
0.90314693221923
0.9012105418315048
0.9014439422108976
0.9017351110863138
0.8939141018431621
0.8940209240267188
0.8986395281971185
0.8988933407844184
0.8989227747735571
0.8990088543305276
0.8983675299969696
0.8987697655159672
0.9017487810482557
0.9013623996301763
0.9006675391555412
0.900791186303504
0.9009737916867501
0.900594292816149
0.8940613734073807
0.8941976942559807
0.8905395953057628
0.8904752639123408
0.8901767159886422
0.890412519014417
0.9035759964148884
0.9010981883398094
0.9012863693443832
0.9009516116942661
0.9008251403335635
0.9013682585000963
0.885613187077534
0.8868031400157
0.9008338056367049
0.9021489239269823
0.909226092041922
0.8923259656942683
0.8977803387213672
0.8953632901857203
0.8956806917648611
0.8954322745050134
0.895567443287926
0.8952035737203371
0.89555113453688
0.8957959786311308
0.8797337676058294
0.8947966309376061
0.8974123804752231
0.8970537539498178
0.913251947976011
0.9014520704740245
0.8861395757918382
0.8859374696116489
0.8752712837308632
0.8768157024973962
0.8813763935440995
0.8808232430148442
0.8809185283603448
0.8806142570382001
0.8808879170569259
0.8821419663131094
0.8781152146959526
0.8820625389479791
0.8846844879295338
0.8938740825240558
0.8909476410132748
0.890264198195508
0.8946137501745017
0.9014428765278683
0.9037563053832901
0.9054839450601838
0.8956044347201265
0.9033399496335734
0.8829051456308092
0.8845276238716308
0.8758731512804194
0.8861888919969558
0.8869735507974519
0.8867945292498779
0.9017467445230635
0.9044639430389365
0.9044341927911258
0.9005303962692774
0.894772114181238
0.8840853084428519
0.8715194655180442
0.8826043286754234
0.8951937451863888
0.8890357469389599
0.8894227583391116
0.8885571228880226
0.8848451143625273
0.8918711023573578
0.9024031395601558
0.9153983346316907
0.915666149604231
0.9152206574308077
0.9020666564009359
0.9093789356417363
0.9093546520424466
0.9051222916267829
0.9010036906426185
0.8900220040962538
0.8882962333596511
0.8998925164612178
0.8993173728719027
0.8848461518176803
0.8945666579684856
0.8871542202322792
0.8871163794753075
0.8851328344867155
0.8856844635823187
0.9028079259008376
0.9028879565960143
0.8862437801118714
0.9065515607118175
0.9053385771027994
0.9054098805181485
0.8881655168442073
0.887811186189166
0.9023862918351653
0.8993608284102456
0.9024397169800231
0.9030696954222471
0.8958269456693443
0.9047102037476681
0.8895717868382937
0.888259792168805
0.8824120079381317
0.8775729749674921
0.8896217113244339
0.9030910887923557
0.8894951467769778
0.888026005042155
0.8919772133567336
0.8796720921105119
0.8825942438375179
0.8953633566648392
0.8882391927587595
0.8706592804320408
0.904821853656927
0.8815043725578458
0.8756958909655816
0.8758693383311204
0.8962816937105822
0.9041098352500426
0.8510330000393288
0.9066149905464285
0.8545899315782778
0.854822648938255
0.8512987307400753
0.851330156389035
0.8522349326227268
0.8525969845543374
0.852582824775732
0.8503848881029828
0.8813910086724239
0.8816288206800917
0.8824564599067077
0.8834496177333013
0.8833061142552872
0.8831724896001688
0.8819163479490111
0.8751353431891874
0.8903152137345419
0.8681495610091386
0.8592634616646196
0.8592990385205106
0.8698082767281594
0.8693824455130812
0.8675029312887562
0.8653903818704246
0.8658518599480728
0.8655108587535083
0.8627710277975791
0.8530910744538148
0.8791363926980359
0.8631927907987149
0.8741894282341893
0.9029717857873077
0.8700440409526998
0.8716476563167859
0.8737913926105924
0.9009897963593949
0.8661779197535925
0.8648074322731013
0.8647426339921945
0.9038740784650023
0.8667546019906054
0.8661500038310428
0.8660782198949393
0.8659268717981944
0.901118361610543
0.8939188243207683
0.8955916423483647
0.8958656902163397
0.8981193614338414
0.8691375273603806
0.8697649885070601
0.8574666801620895
0.8521621947542974
0.8522388410553993
0.87316823124592
0.872828996163976
0.8765155988635337
0.8678089978605831
0.8701067240219417
0.8788590102689744
0.8768089930885372
0.9129200587887916
0.8836142898642301
0.8668826232824929
0.8536289975898014
0.8541837064828542
0.8677374768339627
0.86731658882583
0.867475013814504
0.9033536329708146
0.8952388745823268
0.8592417353331813
0.8591221483757607
0.8677905981240527
0.8679861699588225
0.8861853612274538
0.867967388678556
0.8680178226795799
0.9052953410001606
0.8678016928312321
0.868047287142359
0.8689493354223375
0.8684869693749399
0.8684127314355685
0.8790727408941469
0.877587742201267
0.8723105598490357
0.8723579056661382
0.8722667431554032
0.8756881851976105
0.8719346392555484
0.877129882529916
0.8836645625243865
0.8722958528387084
0.872107260110795
0.885045822942118
0.8945488312919582
0.8768894719720645
0.8738274096579243
0.8716128893750592
0.8724369982677599
0.8773909274328281
0.8773177570045713
0.86563329521402
0.8716726625548386
0.8775173909012363
0.8821387752291776
0.8720959005909449
0.8689820466848683
0.8744200519422882
0.8742679117758624
0.8824407725307286
0.9075016301816641
0.8662082104778157
0.868471092293195
0.8660066502255283
0.8660377245778077
0.8681846522639888
0.8497914076780453
0.8570941797492351
0.8480320551639133
0.8564540831963774
0.8435603858342395
0.8494593903169083
0.8551651759371495
0.8517549194364552
0.8638297919292407
0.8539117902749519
0.8533224423384965
0.8617762175480312
0.8531873773157109
0.8650681155850414
0.8410501703869343
0.8409723151667902
0.8331398255101369
0.8330874330787987
0.8227556309729309
0.8138650528098076
0.8290247821290413
0.8052432560024037
0.8263699031600553
0.8242912773503879
0.8242342338677763
0.8393850769685778
0.818730987573875
0.8084431776883318
0.8082421022383082
0.8572833485453603
0.8587912501629544
0.8570039532002836
0.8544816133531428
0.8959083314578088
0.8077276367795732
0.8190042801532235
0.8481739138598928
0.8503569983018191
0.8254174441394613
0.8233196584799793
0.8457281993952348
0.8440245443184015
0.8407086429225265
0.8438518808416484
0.885752156083292
0.8770666018961739
0.8490634433515298
0.8649171109572971
0.8969542073967516
0.8649276132700094
0.8755400238618896
0.8681236650057984
0.8704231450046356
0.8670845299986298
0.8731615740775308
0.853624747671853
0.8649130007094099
0.8645638682735812
0.8655089638942401
0.8773693096739844
0.8659025188846533
0.8641713559939599
0.855957347786328
0.8555348206472344
0.8745654665380975
0.8624300460094704
0.8642463321119854
0.8774913456096838
0.8778285336359948
0.884253366122849
0.8766072904550334
0.8765212283514567
0.876746106065096
0.8755617635453369
0.876390122048448
0.8770452523465512
