0.6634585211772748
0.6897223737367137
0.6902551318111506
0.6926094064920071
0.7183363628093491
0.7199135568718223
0.7205145081952756
0.7202841334557513
0.7206144915479714
0.7206134475103648
0.7207205938156448
0.7197700900863115
0.721866594319349
0.7202189509536147
0.7207740502531954
0.7217727064989331
0.7437665171430926
0.7439544026787344
0.7446165720100557
0.7448218081641214
0.7447609220267338
0.7450349703335526
0.7456317350966082
0.7459852358845769
0.7464918739122546
0.7461481681808548
0.7231960225230328
0.739992578424966
0.7188130177932973
0.7321085255680954
0.720057139847737
0.7188609507109799
0.7330304660867182
0.7355290699014824
0.7427112292188227
0.7196256699920621
0.7330695980487458
0.7321046143158849
0.7260824225013883
0.7329937014571609
0.7215201815636076
0.7337099806217321
0.7337593523188904
0.7207935053618176
0.7328098481533755
0.7374088293466513
0.7375417511629199
0.7354159704373773
0.7354422772607344
0.7359047513383213
0.7349309487930658
0.7358909297257191
0.7376028476076557
0.7539365968523877
0.7367689577572648
0.7638961603011544
0.7427228532510755
0.7430573459889981
0.7404684303704405
0.7394141946642528
0.7682922101026555
0.768337518896669
0.7681229392821403
0.7866704607635325
0.7906330477551143
0.7763271297821955
0.772965070221252
0.7580842632008942
0.761715272241147
0.7624502376092905
0.7704694079051501
0.7602463022985435
0.7696169938738285
0.7729956652750662
0.7735732208263353
0.7737070714327808
0.7734903802708284
0.7759021019152346
0.7613653430676769
0.7673975463161926
0.767500476322019
0.7681405558590182
0.768507086706824
0.766190184469258
0.7659465531065545
0.765939185233778
0.7771901651015285
0.7651033927058585
0.7638907585929462
0.7603429383684931
0.7609425031593297
0.7646441517206098
0.7726402769847418
0.7700012409201454
0.7689332461245982
0.7684277644081668
0.7715430770452478
0.7694476714974171
0.7688497821028943
0.7691658204113115
0.7703100321506128
0.7707032049505464
0.7707298337360923
0.7709541195063297
0.7855941273847508
0.7848717802670645
0.7816609136769589
0.7813705964815891
0.779462039789881
0.7803287246451774
0.7814482239149142
0.7811395298760359
0.7808607356769864
0.7801670218070617
0.7864860105591381
0.786415635553209
0.7861391346528326
0.7869951361557691
0.7843263742991078
0.7861038639204972
0.7852702484983805
0.7856798980669419
0.7826573634121352
0.7828456016897335
0.7830189173679627
0.7832685217231432
0.783023570205672
0.7832732534894418
0.7835801496982142
0.7731044804553121
0.7730569904272097
0.7784394986561057
0.7795296352346134
0.7796085468752129
0.7800278032912423
0.7838088789308831
0.7792700811258645
0.7793942583300698
0.7791486406123673
0.7775263519627241
0.7777408709684427
0.7767610925995668
0.7769834081336235
0.781940575522891
0.7802341604866179
0.7806723139420966
0.7822512309619816
0.7824846003738165
0.78253182711885
0.7768308249382516
0.7771639030256031
0.7772033458201564
0.7850127714193452
0.7746531393663407
0.7752452552753195
0.7731978445554922
0.7735780480989097
0.7736540308001684
0.7711108575548442
0.7728695173949105
0.771121001854501
0.7736267181490605
0.7708963920405724
0.7890999314740655
0.7714506481859262
0.7710844939860914
0.7710054074584197
0.7704803173391966
0.774411276759463
0.7736900439183396
0.7728972631006423
0.77309573655302
0.7724702735763841
0.7729163613420649
0.7731611228873861
0.7747111075036069
0.7666548732484434
0.7745742479728526
0.7662933223818359
0.7631062093442946
0.7627407504460534
0.7628082779959702
0.7626789984219681
0.7628712723155928
0.7634593847973801
0.7671754531903958
0.7687657686463489
0.768600723185411
0.7662477474203104
0.783489711471416
0.8008406641088761
0.7834239397347849
0.783265307236605
0.7824598817007549
0.7744225191746507
0.7744250427887236
0.774398988782094
0.7741754162157496
0.7746802036650711
0.768301375311893
0.7711201872061506
0.7774172307112635
0.7797850236225125
0.776692489173454
0.7775317169739572
0.7770832973961423
0.78319260891831
0.778963975534226
0.784985100672439
0.7844705483531372
0.8000394640500235
0.7845036017993258
0.7852888503195222
0.787046220102324
0.7863316055293705
0.7837511531874108
0.7890553516203238
0.785564023741052
0.7854269861040168
0.7858890509862178
0.7855571755855898
0.7966112871272095
0.7928204966557906
0.792489274463729
0.7926810712950954
0.7959698766360145
0.7952240323625153
0.7988427122840405
0.7983681168967377
0.8005903729460643
0.8011559215861526
0.8007393764642217
0.8037253772258419
0.8018888560092405
0.8018500284924096
0.8021109759440112
0.8013583468211112
0.8005616496545105
0.8008272724852629
0.8097440186695526
0.8003575470877607
0.7761159526305859
0.776409898053824
0.7746081988798094
0.773918073138187
0.7737797791807219
0.774194151156699
0.7752083694651045
0.7737139554757102
0.7831038172211073
0.767591431411562
0.7673894000977282
0.7667827530672272
0.7544072743081962
0.7919476995906156
0.7917733363026314
0.7903733139351291
0.7903561942457299
0.788733267966441
0.7874949662761788
0.7872421709087346
0.7912239329450962
0.7914383563001732
0.7925343401682114
0.794680176175186
0.7939244579569795
0.795340110095381
0.8009033812854444
0.796977570639775
0.7972909510002217
0.7980089760935904
0.7960362690634614
0.7819454113749751
0.7818685053153269
0.779725867742289
0.7793577865499626
0.8039049352961107
0.7818247021248613
0.7832649274018028
0.7718289272223119
0.7726688721516569
0.7728893492989436
0.7726608174890994
0.774452707857037
0.7777591714773111
0.7784679623898685
0.7779174618353963
0.8125266462677412
0.8324723704745224
0.8329664235461425
0.8330371856405815
0.828406751927309
0.8249088903253712
0.8341098531533038
0.8228303023059703
0.8215105292579169
0.8205771990643805
0.8208109438559069
0.8213745174672724
0.8213210178037911
0.8150225856056857
0.8151368383249746
0.8109031871729544
0.82096059385019
0.8178833880056589
0.8142465467691734
0.823466053787868
0.8200915965744733
0.8194514206117323
0.814802273250758
0.8164085432927437
0.832305302967349
0.8345107513035112
0.8344907520333598
0.8349353899656301
0.8226866445245097
0.8231333348003074
0.8232735516179127
0.8234348169607778
0.8172563523232906
0.8195088541535883
0.8191500263249364
0.8190565734252562
0.8190576460760893
0.8170171780808104
0.8147822044446051
0.8141677337567419
0.8136652073356688
0.8109508811845022
0.8100460198705159
0.8108469459902754
0.8111316132237772
0.8113324698353634
0.811246199270262
0.8114946754002469
0.8100616356851831
0.8166660793418591
0.8154466702030643
0.8153656744787497
0.8157370580747733
0.8153848465083317
0.8152388802148957
0.8234860130727657
0.8256491972558219
0.8272683512203685
0.82747316288177
0.8271530330688244
0.8168945520010186
0.8166739216505982
0.8180540385978542
0.8178691577345999
0.8176760302219688
0.8106727112251156
0.814688172052502
0.816301161298447
0.816463308961367
0.8222556548255886
0.812995995417232
0.8131918048452589
0.821376630643104
0.8212088562378259
0.8213831367409931
0.819253746127216
0.8217920300564328
0.8217240301922383
0.8221145079286571
0.8174273169451698
0.8145368710657481
0.8215745337381143
0.8215618832151479
0.8221992302802494
0.8220337217393345
0.8227703043889493
0.8223926343407716
0.8232888305880521
0.8241124584174744
0.8323488073725455
0.8327676341637855
0.8307815352313618
0.8317700620304102
0.8305853702232961
0.8301517519638424
0.83253102327568
0.8305881731403733
0.8312800140711064
0.8316225692065627
0.8316716871572671
0.8316606767933092
0.8335887973144652
0.8334682159908011
0.8328476597372486
0.8487950983532645
0.8357100011863514
0.8341825961569235
0.8329069157219785
0.8325951544772582
0.8333465922876252
0.83299958325969
0.8398583945127533
0.8297700925764155
0.8300442447856176
0.8293416250191352
0.8307396235474825
0.8306951310753211
0.832849173088307
0.8332151833645793
0.8332197276272311
0.8318282393679888
0.8325539502024495
0.8327960992482328
0.8328070701273682
0.831800969740328
0.8315906751041646
0.8318891327678106
0.8314217481844716
0.8275427852229006
0.8413831492047013
0.8390537503681316
0.8388507250475301
0.8392909607417444
0.8385568889190909
0.838083178877391
0.8385971562615789
0.8391128931463462
0.839100111453079
0.8399315092501767
0.8336771322415802
0.8300862242015881
0.829861548602104
0.8308844524929361
0.8308060782895126
0.830788679450996
0.8293153148461666
0.8289262750587074
0.8332419651502387
0.8321992503609673
0.8318136777740159
0.832499929398308
0.8330903040342189
0.8301383748909966
0.8271323343098269
0.8340792401066726
0.8303212830772408
0.8321800254899006
0.8347251220725392
0.8302491030856233
0.8305117156190207
0.8313266654870325
0.8323596575623603
0.8324961374948445
0.8334910107089541
0.8336096146655868
0.8328983003171645
0.8318947197412281
0.8307883677767535
0.821088974052071
0.8223978562347706
0.8222222267912783
0.8224215353552129
0.826983103095424
0.8330050985807658
0.8328971726082847
0.8329324977652925
0.8336149966343422
0.8271670685842303
0.8327787805434586
0.8332531382374053
0.8331406727550862
0.8366394914554179
0.8245658725531672
0.8248267304109539
0.8254703818114818
0.8396138163892372
0.8220959880048835
0.822896975434733
0.8223191477231256
0.8178199797959546
0.8181246214549662
0.8191009137175927
0.8182265034972324
0.7997643190389659
0.8016458770823658
0.8030615063709224
0.801399973386459
0.8003383616189164
0.7993695705411712
0.8016085685064732
0.8017570743617785
0.801434169748142
0.8055143735851543
0.8160814899779356
0.8164891961551995
0.816173657163289
0.818318463570477
0.8170299857563587
0.8240103395956967
0.8382350587400373
0.838503382759579
0.838159797179283
0.8387615458684768
0.8399296599647155
0.8399894814139505
0.8391738519527636
0.8390842137937196
0.8386378828122246
0.8381168490913256
0.836142387910258
0.8363841069755555
0.8297913975960859
0.8302731558989116
0.8300459036310491
0.8323872718647114
0.8325004217939196
0.8324925624594061
0.8328708743273401
0.8313678851531481
0.8284848968945423
0.8296965067534493
0.8310662905199145
0.8293747516973331
0.8297266386164018
0.8298544610270141
0.8314934385343654
0.8311062859496593
0.8310083840719648
0.8313328092109546
0.8307362728206508
0.8305370745364629
0.8334250533317469
0.8293951208874722
0.8282902857927172
0.8265002209398128
0.8263379326265906
0.8270484548962306
0.8259366271374817
0.8260017827857435
0.8260228408286685
0.8264631204298776
0.8261294435229398
0.8266161606264166
0.8260443399627041
0.8276578382454467
0.8272889279286574
0.827674898021225
0.8280189320805816
0.8044078422772692
0.8075877783561858
0.8081044928640758
0.8123743446622912
0.8181414280734871
0.8154328177222135
0.8155019468524777
0.8288758462935488
0.8329523226402632
0.8330934760024785
0.8337882747462939
0.82860088388084
0.8293664950793653
0.81371486767681
0.8124176447518359
0.8123839527445228
0.8187157396604806
0.8182725401918466
0.8200397613132959
0.8184086719004324
0.8190577377610877
0.818378133198284
0.8296111771842916
0.8328276980113185
0.8233216772493669
0.8239139006899029
0.8236814141048966
0.8257953874447778
0.8255200536347059
0.8265046920173834
0.8263216399267962
0.8261373707288003
0.8299515587820493
0.8267716332489071
0.8189307498540102
0.8211834712270646
0.8194028136410574
0.8377000206319487
0.8376996672671414
0.8396453918086755
0.820302058678319
0.8219139627143459
0.8222086779912
0.8224020335792595
0.8319762562868873
0.8286565764439309
0.831722919847611
0.830526923446157
0.8191979652864438
0.8149196497893355
0.8154220924024064
0.8279103213738208
0.8314914432042197
0.8311667334748887
0.8323093280228592
0.8315670930139318
0.8161067351311174
0.8181813531975779
0.8219683940244783
0.8192106207207293
0.8240642502993644
0.8235687271889279
0.8262279873179836
0.8098137652378647
0.8102308962839465
0.8098309332348954
0.8099468177784322
0.8105296593681806
0.8152018214853116
0.8056797070722933
0.816284795000717
0.8190726054211437
0.8199390310507789
0.8195055912916658
0.8181240102546532
0.8184888957216967
0.8227351502387368
0.8160983701453794
0.8158962710670289
0.8190450978088086
0.8212640342433408
0.821598828461969
0.817530850294317
0.8218948535472193
0.8214607408675327
0.8206933113640354
0.8163157272529425
0.8159896983562683
0.8115342006134697
0.8138829522926255
0.8136554567385023
0.8206769068702587
0.8131424970755028
0.8200504694910543
0.8201147256726661
0.8200760386777268
0.8089530867592957
0.8089575604111433
0.8099032746307505
0.8097235596794911
0.8162067263051537
0.8168762411495597
0.8168404291871673
0.8190074153445679
0.8321975596484597
0.8131282750592869
0.813221641104744
0.8161111290217421
0.8161508349811649
0.8163627867813701
0.8169323646128774
0.8130052829525306
0.8078362399153388
0.8153283309541619
0.8176557620752981
0.8194171438671801
0.8170901674575625
0.8173873836003601
0.8172835633359784
0.8204793842561188
0.8230838559318531
0.8213894184154729
0.8208187663487199
0.8207575576682219
0.8244805085242758
0.8214429695972261
0.8212419798052453
0.8208342077303884
0.8187565286497518
0.8187127061263776
0.8173031599532559
0.8190755666472179
0.8151632047359233
0.8154571296334467
0.8156138429476895
0.8165804359144748
0.8133370162290346
0.8134731727335506
0.815101792777643
0.8155700973710488
0.8143170839845421
0.815733840597875
0.8202444872046104
0.8207799001105519
0.8195328747336837
0.819896824581806
0.820397293362396
0.818315922468326
0.8271115109795071
0.827651512910958
0.8295970963526221
0.8173719392556779
0.808548674437696
0.8095038077842119
0.8122463559316061
0.8121473479645547
0.8199841720551224
0.821054579739844
0.8216053800209224
0.8132778265725977
0.8209324816554174
0.8040668462387623
0.8033537069742591
0.8047765233084411
0.810551411850834
0.8109130403282229
0.8091790026293669
0.8091190028664635
0.8088950530773119
0.8082737761215574
0.7949087624325533
0.797012116079814
0.8069811624933213
0.8145742562182297
0.8146065501738919
0.8143182714923641
0.8147954961314277
0.8114998037357738
0.8250728747922734
0.8165875021652019
0.8169431574777181
0.8144771711548042
0.8168647754052343
0.8182854233077947
0.8213756788193763
0.8214453469971799
0.8460146405537453
0.8541475472319485
0.8540605073654197
0.8536749873057219
0.853735175070184
0.8536001384137236
0.8538487360890644
0.8542819311005526
0.844895493656645
0.8469861190835957
0.8486191508038045
0.8518922131059986
0.8459845065112659
0.8502886260113591
0.8374454903649516
0.8415480771993009
0.8423841860706239
0.8388411305993726
0.8390364877526553
0.8354772202826333
0.8355064762146573
0.8355139817725789
0.8356554925063089
0.8357621204252943
0.8358709456712896
0.8365735358680829
0.8358637028523942
0.8358007727639768
0.8357599123282143
0.8301965083245185
0.8382307919325381
0.8385324805182712
0.839049885140573
0.8385520567232593
0.8424948576642746
0.8422663200175334
0.8377006740840661
0.8340630830007497
0.8378528063291953
0.835346439178482
0.8350514844058027
0.8411514899458225
0.8525764762138265
0.8482361251243741
0.847833927358661
0.8547581718929189
0.8499689241598509
0.8503055423123742
0.8505750140640883
0.8515576698075971
0.8501538447788434
0.8502613923058598
0.8582018579825963
0.8586034312838
0.8582142791372208
0.8580113164873412
0.8591847821873628
0.8458613480851224
0.8464429792918673
0.8484967107254449
0.8480508832894628
0.8561307047100739
0.8561925024490464
0.861446668197638
0.8627843289534672
0.8613222685600758
0.8612987775753007
0.862225572085075
0.8593478039790642
0.8597189067683293
0.86609959469924
0.8655670356662178
0.865711693589117
0.8658456919922285
0.8683329017444145
0.8624018083794496
0.8587331080963586
0.8541015997119058
0.8536396118971418
0.8536332381326025
0.8528669301733949
0.8601826314736086
0.8610062609949216
0.8697601706558802
0.8702420648504802
0.8695971829670258
0.8705493093272405
0.8707328582384892
0.8706214737218065
0.8704666832710116
0.870464159457665
0.8705908721200637
0.8706895132980783
0.8709240329427144
0.8709026266759707
0.8707547020483076
0.870546576994707
0.8704712430482631
0.8710508120172774
0.8711118560179466
0.8637483616653809
0.8654173578297168
0.8636086237569232
0.8652159692969795
0.8614941770535788
0.8615159731666833
0.8631726750436577
0.8596824800882202
0.8605234784226681
0.86006727925512
0.8613331689020872
0.8573486675556127
0.868819566966042
0.8690156555110807
0.8586724190722581
0.8545639330963644
0.8552032882399068
0.8550320575005874
0.8553562438915466
0.8556551928136186
0.8553632166668995
0.8552973046429461
0.8580451395953791
0.8421921960574988
0.8417680494284152
0.8468974723128215
0.846971153428711
0.859184612234306
0.8598474848515658
0.860380097381446
0.8600169047455046
0.8651647807071021
0.8650874974399714
0.8649243173799235
0.8647411937021053
0.8561158472745647
0.8560195678267097
0.8714358751304155
0.8771875337521526
0.8792685009873141
0.874646324298635
0.8755135295374094
0.8718511691041788
0.8661043503674883
0.8688706165256356
0.8695870880682512
0.8692578396640425
0.8663872977814752
0.8687494688972406
0.8637314605911283
0.8631797308313719
0.8672462426473629
0.8687629445660446
0.8616692830627574
0.8605692637870793
0.8619703619047493
0.8619036492136649
0.864407689068456
0.8590387662668899
0.8569348607677363
0.8541730442519682
0.8558676336849654
0.8634943638987959
0.8732616443287055
0.8792250492319057
0.8745752012163208
0.8727069257465099
0.8730478639289293
0.8514733307121722
0.8517842435822589
0.8543602220173542
0.8591643542131867
0.8521041126774503
0.8493902111323038
0.8524492170165352
0.8454223495635728
0.8431417908379292
0.8478613965890941
0.8507962820847057
0.8447868107578969
0.8448312345201082
0.8479546911445599
0.8448462489779314
0.8453997037797374
0.8453156151369811
0.8394566649305291
0.8375791362960198
0.8431097576697537
0.8428424301473906
0.8430175388059227
0.8310983684979882
0.8357719835361493
0.8341239664108907
0.838398932135955
0.8388279836993643
0.8383860406699367
0.836007274170279
0.8353366220381215
0.8403813837560654
0.8475744869711678
0.836241443989854
0.8342508833169003
0.8501421424773841
0.8499549111185762
0.8444308555323614
0.8437145441231414
0.8361125511751197
0.8377158367009967
0.8363897626740364
0.8395979178852171
0.8358188092101726
0.8441996994643698
0.8573045519802485
0.8526062882345611
0.8526478137615003
0.8462515787922825
0.8457506981741961
0.8454635968912692
0.8498843674831937
0.8579205462316473
0.8577803422877508
0.8648432032695402
0.8599631372393025
0.8601678274941986
0.8534373729624765
0.8315517254355642
0.8311827277639414
0.8318272505120727
0.8243998220101567
0.8230698129899875
0.8229580246012318
0.855084229380974
0.8414537534304464
0.8390442629037562
0.8425370931670475
0.8347120560625498
0.8579822740509987
0.8587241820775552
0.8593818677902358
0.8622303748465784
0.8622415264501309
0.8622466388753878
0.8610553073980051
0.8626874756299578
0.8553220085173872
0.8547928213900075
0.8549343833284163
0.8549023632351898
0.8572009458051485
0.8558787109096294
0.854460197320636
0.8545221090019198
0.8465466834873596
0.8472456308839588
0.8421698206915614
0.8427945670523432
0.8430339961476948
0.8471387943708556
0.8509689970812395
0.8573183294806497
0.8430230828384737
0.8385761633787282
0.8617485022702116
0.8626843631338116
0.8625533585780489
0.8604220958924078
0.8630080346788718
0.8651776165539429
0.8666546779375192
