0.6117456171943151
0.6222315650241694
0.6365090416962496
0.6463507608836712
0.6635918565050776
0.6643423090395191
0.6678588451038657
0.667597654160514
0.6719997716267827
0.667725671492012
0.6710521840799163
0.6725219069060211
0.7031088550478081
0.7026632469726377
0.7023518342609214
0.7052566997431611
0.7052901380526486
0.7036511604241742
0.7087552923127923
0.7086817171359726
0.7097851778564132
0.7107056405872072
0.7165751580459169
0.7168130202451578
0.7237696958050129
0.7242983441283163
0.7245719919936685
0.7232320403669718
0.7235003923378459
0.7234689414200741
0.7136037552110841
0.7219802980500273
0.7104937230210611
0.7102175627293563
0.7100005746176127
0.7092877084422867
0.7116196047244784
0.7194125117521778
0.7104469741369497
0.7092235978854443
0.7114282864395428
0.7141975167606823
0.6519134613979459
0.6614237285964991
0.7171193100400758
0.716828629814572
0.7202472976865436
0.7265308384113275
0.7559592314394022
0.7580160492027842
0.757599257594656
0.7553464469676461
0.7322899780464212
0.7335398878292305
0.7321793238301956
0.7322954807557313
0.7455869987593869
0.7459237503228421
0.7309340762631454
0.7220867538824234
0.7128958873718089
0.6921897791600653
0.6940807086282249
0.7067944659289018
0.7105702846459537
0.7130162425013948
0.7127565065884461
0.646371644556037
0.7152423917654244
0.6555649205803317
0.722105433709206
0.6622805339813391
0.6669841594961607
0.6676370493258542
0.6737451887854352
0.6517405118646861
0.6787410331003224
0.6842359463169999
0.6823346142615744
0.7428566970743072
0.7430573354001395
0.7445514471935113
0.745133704034013
0.7426146793682505
0.7425146956830819
0.7432192698777795
0.7432627876668744
0.7471452704322312
0.7682160134730135
0.7520279277298857
0.7515338683531211
0.7521104504493152
0.7601031688094111
0.753803789503126
0.7533462332269749
0.7548466775504157
0.7573164819747259
0.7298711150958876
0.7214250501148817
0.7212544755085183
0.7245803675752883
0.7215638043070611
0.7211144953937156
0.7296677876977823
0.7596259460148598
0.7613025082375573
0.7622970571920114
0.7569021920774592
0.7209091088561989
0.7177168901084079
0.7230054434113173
0.722242644338427
0.7225611792927693
0.7231055153140298
0.7246670593983336
0.7143384562775077
0.7241485178258847
0.724211489696274
0.7237854710124815
0.7241317523597652
0.7361105863017582
0.7271100015447889
0.7295124311089004
0.7488137215635549
0.7510172258745668
0.7508462104363907
0.7322564208391236
0.7411369575120651
0.7408582848364611
0.742316811047774
0.7340212843321348
0.7352146293069883
0.6992620234664791
0.6993066286840437
0.7108341529422
0.7109431464503772
0.7060639549740666
0.7103086077031373
0.7224590707546887
0.7148681058425909
0.7070418834328301
0.7068482571811517
0.7035198058109745
0.7105002793673225
0.7234752647299477
0.7325816643277906
0.7154186762474759
0.7106546917936644
0.7128631496552144
0.7131436148033745
0.7123011007527271
0.7128166227108699
0.7142984504160951
0.7000765058753274
0.7014028096867692
0.6965720080601848
0.710290618809997
0.7180229310217542
0.7132078978808144
0.7126220661606645
0.6979648270773925
0.7092198519286701
0.723337324052108
0.729850036688143
0.7473124110506475
0.7295190279800836
0.7261910908905594
0.7099105000532288
0.7449974598964686
0.7507724533512604
0.7417165027808358
0.7414377002544146
0.7424330933877897
0.7412173890599172
0.7395602150446702
0.7199967718355604
0.7362464134340435
0.739462474691896
0.7416652057401627
0.7370073513250986
0.7221712700654362
0.7198674720843534
0.7267108325912393
0.7193737751754467
0.6990898601948478
0.7208188820948518
0.7235292357272041
0.7000877203243666
0.7346385722579546
0.7314738526250117
0.7334228447155519
0.7374799909005401
0.7377249037225153
0.7364143060083812
0.7347713423257946
0.7275570406636928
0.7310707869558144
0.7224790588464474
0.7204238140036372
0.7188438497022934
0.7178435671368413
0.7160092342108664
0.7157751840412355
0.6924509998598088
0.6953140366222161
0.7199871812982559
0.7139471614245866
0.7421856449145938
0.7422929743183673
0.7441591598837198
0.7409843132910398
0.7146517246498671
0.7160692345826223
0.7162291523521582
0.6980618529649323
0.722785851877008
0.6560312507503916
0.6564259270060295
0.6562632841130541
0.6562914762615726
0.6560681307802068
0.668643980205732
0.6703044761017405
0.6687322514602941
0.6685855208975838
0.6690098336349234
0.6629791781796089
0.6638566425798864
0.6630827713725573
0.6690817597939293
0.7141040559086774
0.7142539175826299
0.7148016545569325
0.726647289910153
0.7264395997757216
0.6887138076569581
0.7106820356196466
0.717207853102006
0.7191769290086931
0.6893259631771238
0.6890888890651513
0.7220367989951957
0.7224027594024048
0.7469043448409499
0.746030878995635
0.745858575834087
0.7458301893092115
0.7364325668206385
0.7237012045209779
0.7249710879512076
0.7460540992649523
0.7731906316155077
0.7738737748127775
0.7571033148820812
0.7563201090498138
0.7629254815108605
0.7628653239299411
0.7646403624062311
0.7647205546899394
0.7590263106782661
0.7580046234504668
0.7608855207075073
0.7458507148021332
0.7379490972185739
0.7402603642498852
0.7197241550901324
0.7238951417272365
0.7238822306370484
0.7279390924294528
0.7362263794882952
0.7688550232460484
0.7593445009742631
0.756040250906628
0.7565756664065019
0.7632385516291288
0.7603293465626199
0.7636690117090589
0.7803288435292632
0.7639442263138234
0.7712478376831732
0.7779305053527149
0.7944241930040971
0.778743194111063
0.7909876424167476
0.7796476706276176
0.7729808895060726
0.8157398533545938
0.7784417966304933
0.7793725258474269
0.7785633434375632
0.7788398578871477
0.7829262616927779
0.7828803756561777
0.7924700907497043
0.8306719006623223
0.8308536155756587
0.8310826646132072
0.834022706132693
0.8423851140509963
0.8425899106732516
0.8126241692644975
0.812469906923251
0.8126758074223973
0.8230535306580407
0.8213126071627147
0.8245478090352211
0.8265498044540177
0.8241516843590337
0.8241298365153895
0.8106683627751982
0.8107959195751415
0.8109674919193135
0.8123703783652179
0.7856890600651858
0.8273085870790126
0.8274749566015229
0.8327353042143769
0.8336416018201839
0.8252028718720299
0.8052407912529714
0.796269469449942
0.8009689771500523
0.7971357687580957
0.7979305081837806
0.7918663516960457
0.7866911148026642
0.7799246352987523
0.7812047036470396
0.8153659724018189
0.7796101847288003
0.7829457783677953
0.7476109805518355
0.7426437746070073
0.7607473626573649
0.775862833309721
0.7623170628653224
0.7624512732491777
0.7770503123580301
0.7770094195959378
0.773100329433508
0.7777137035996841
0.7660627773166931
0.7679285121473901
0.7520664427936741
0.7566256606154851
0.7552985987613627
0.7712508397510416
0.7553891871015821
0.7686556529559129
0.782592110337685
0.7829456616081374
0.7875309914752786
0.7850519333550233
0.7828458238633982
0.7785625644273564
0.7895146065384525
0.7919597646302953
0.7968775508915903
0.797038483422643
0.7968060279613005
0.7979600122913579
0.7971434681507462
0.7961879206668492
0.801497337713427
0.7820160973861338
0.7833891577571129
0.7832839018650934
0.7984605662039664
0.7886905927649988
0.7807063135548215
0.7841539380659115
0.7891700837756213
0.7890903234695033
0.8041201674745019
0.8099835519173497
0.8077768546018044
0.8072819250999419
0.8054427298031576
0.8040997828219257
0.8174546428280429
0.8234014553619309
0.8234161745429045
0.812918526302183
0.8131827676310259
0.8363314126700366
0.8274266904810915
0.8275718534146562
0.8277262484271248
0.8236354678877531
0.8250900655675956
0.8244663087469914
0.8260714620564199
0.825198987556722
0.822359852410103
0.8276277630550244
0.8332173157603254
0.8367293270029537
0.8297516293880542
0.8284033880056573
0.8342117491635088
0.8381064966033203
0.8344841957646453
0.8381032316668345
0.8294802138226491
0.829586091027329
0.8302696216184644
0.8299508004789011
0.8386723084593165
0.8369888441584877
0.83695917524802
0.8311849808261464
0.8312410728047628
0.8331045058550529
0.7876281510787744
0.7873552927821723
0.7873581171053421
0.8346230609608414
0.8375199610776543
0.8373171284298822
0.7996664561378051
0.8015056694545925
0.7989688349730341
0.7789328360888814
0.7611384479287087
0.770909033979002
0.7701445377769809
0.7667838580968502
0.7713926423389682
0.7713317984627804
0.7649228925820922
0.7656010624831245
0.7606454008253264
0.7637664715923439
0.7686249805722494
0.7862364659228885
0.7875058794645425
0.7922487619276146
0.7923444627835959
0.8041488279990463
0.7837832338229309
0.7839260135057486
0.7787352565328267
0.7764628162319408
0.7785351824013489
0.8093401349179971
0.8194425243389442
0.8194230929073256
0.8204795573346924
0.8204415845713877
0.8225607321766757
0.8248364640813145
0.8247792601305625
0.8202242939201678
0.8141003536705512
0.816436391987483
0.8175594387423321
0.8145421026873255
0.8136556127221064
0.816320452654476
0.8162230277547955
0.7996423460088491
0.7905595189093078
0.789543867675587
0.7909732441206138
0.7911557746572815
0.824346252202081
0.8262798443444936
0.8185302363249415
0.8152616174419317
0.8139295282577984
0.8130975675931641
0.8155475555856116
0.786102689159287
0.7892340102144884
0.7899166745519965
0.8045483660634556
0.798884343622193
0.8060790594455739
0.8071664619749043
0.806771472391178
0.8114226493877634
0.8143593864429768
0.8507612829730293
0.8150662285691366
0.8106274100026443
0.7879820250878408
0.8041134428902359
0.8062275027483499
0.8090039235789169
0.8018644348957595
0.7968262598903076
0.8032826526222423
0.8014033262124998
0.8262470812861804
0.8268234105147809
0.8276590046499535
0.8248517739454704
0.8273994430238554
0.8274430374670515
0.8282143128061211
0.8281994266013935
0.8282596304832187
0.8250339269944142
0.8262991884776454
0.8287120135566176
0.832192384751511
0.8315711743207667
0.8338932728390566
0.8298664430032069
0.8370785391598111
0.8191048812660301
0.8254877340905482
0.8242821062945869
0.7967933108970291
0.7965986340980304
0.7901823842885659
0.7850503193549442
0.7951902648935412
0.7787154888430343
0.7683422990142471
0.7808560149667041
0.7788981159256195
0.78984701197586
0.8077083621124371
0.8077845430318127
0.8077583484326604
0.8035989662684404
0.8006398699794973
0.8033428721829116
0.8003978552482941
0.8019498192396609
0.8069976881483184
0.7999458150107206
0.8036006654826212
0.8001325329619197
0.8040303699958377
0.8040737906378777
0.7980225941488155
0.7991127136380936
0.8224763307737675
0.823086161048251
0.822544926668153
0.8221518547463339
0.8227254169363393
0.8241547426247482
0.8242958033675639
0.8241708964550938
0.8233416938999617
0.824238403151496
0.8187114880258963
0.8192002286473963
0.8191800945162997
0.8185193166526883
0.839670520231204
0.8403656322214105
0.8401546785084226
0.8399782009651331
0.8396024065201152
0.8423909366903068
0.8398393194271426
0.8030960373839684
0.8194129398160125
0.825993765949523
0.8263584544586281
0.8264734784281291
0.8449894417655195
0.8477772605714777
0.8030384522068502
0.8063263345387122
0.8059993090516446
0.8061472071439137
0.8064028347994756
0.8065787615183608
0.806926398914635
0.8095033910119231
0.8132257268468389
0.7981049694635222
0.797935931948962
0.7981547610844342
0.798523947214613
0.7987053143954886
0.7996206203302143
0.7944896343949758
0.7978111095889509
0.7948014075870127
0.7945871203691451
0.8317386552540815
0.8169853746995837
0.8212449080009901
0.7949311844939784
0.7939858963166179
0.7947310177100173
0.7981591438626422
0.7991648897268695
0.8056276450957357
0.803737283138687
0.8037347692389489
0.8053349924440024
0.8051091856875506
0.8018806268030557
0.8000998640556348
0.7982477744219226
0.7920376899529085
0.7928677092217506
0.7913343379697324
0.7912221561631982
0.7966949984468613
0.8087524940993476
0.8046816599402677
0.8069196435303247
0.820956173537313
0.8204814106106
0.82075071771582
0.8062007392451627
0.8067054703925829
0.8065713242595378
0.815775385039734
0.8026466230002194
0.8272371830823524
0.8279855961017073
0.8395456027513124
0.8393108296072522
0.8406625812065591
0.8475887670354385
0.8476188020169597
0.844403583157281
0.8318491072038313
0.8303498243002315
0.8295690842390299
0.8310239515625509
0.8270276707248982
0.8279744804128254
0.83679485896351
0.8388198871583673
0.8389133704190173
0.8391629208193236
0.840513359898149
0.8385028878384918
0.8379176252508618
0.839567430143109
0.8382749870099794
0.808382307298225
0.8083484673919298
0.8083943771489063
0.8135980466107804
0.8157720338839777
0.8142151914376721
0.8139613511176138
0.8271029361110294
0.8241234023968556
0.8259249713779313
0.8244787828064768
0.8303414272201882
0.8315074890638334
0.8315652969875449
0.8314575498610555
0.8294260860671212
0.831069463966344
0.844368185051674
0.821534995002474
0.8215529480897532
0.8237190912910035
0.8309002692196858
0.8299238743543087
0.831949171011812
0.831092198843504
0.8299328424694511
0.8302640466428127
0.8276550893592232
0.8231673616019209
0.8209841273647456
0.8118310296698253
0.8117917867877017
0.8369233740872133
0.8080112976072139
0.8157549462802087
0.8301071986085142
0.8350157448293029
0.8298465610117561
0.8158619639532628
0.8156919081362713
0.8190042661311542
0.8178893487153769
0.7994261534831794
0.7930417450792654
0.7928745136209566
0.8160678444966364
0.7866680642580044
0.800922635572506
0.7995305602110035
0.8010047320770007
0.8035130228887889
0.8032544987688294
0.7899831050321638
0.7902341176269488
0.8087895792719126
0.7997269418776881
0.8321904783468944
0.8319457605316185
0.8321177225411509
0.8305197477126994
0.8308328495328615
0.8310347065209327
0.8310600212998179
0.8311265271922997
0.8032842122766746
0.7926362380141435
0.7926333241892296
0.7865589673922954
0.7806344346743382
0.7808896016295818
0.7833902796656468
0.7871973740218434
0.7832658044518532
0.7834219828640503
0.7834079000583802
0.7829125808306063
0.791508100150501
0.7838791636925712
0.7821858819297253
0.8041098235269858
0.782197768837235
0.7820852665449447
0.7927029126934876
0.7929798875231071
0.7929958209916664
0.802483612891394
0.7844149603276893
0.7846904919488293
0.7847473991985489
0.7871475879457827
0.7870763242554143
0.7999395144312729
0.7982547587871319
0.7982532421629449
0.7977852331779064
0.8139984588485061
0.8320606399058105
0.8143320561347717
0.8156555310397224
0.801627103991935
0.8015653553207793
0.8062869883076962
0.805894932814129
0.8058498856224366
0.8054136093505175
0.8134741507357036
0.8134367384634906
0.8134843026128367
0.813824482797432
0.8140004940514171
0.8143599130397549
0.8139078640952645
0.8141900224531595
0.8143568239899304
0.8171390844985342
0.8169911035046419
0.8176045647020284
0.8238112016196515
0.8160652031115719
0.8160143934765732
0.8162009581154185
0.8162621506708437
0.8108790001116131
0.8109376542337107
0.8097826922815919
0.81032152528081
0.8120234242195835
0.8118959412736134
0.8102811511899761
0.8122352988122719
0.8107439962976046
0.8108252640611553
0.810879044582389
0.8103788786193156
0.8102735534791504
0.8288743183391
0.8098761798307101
0.8252017041636698
0.8252227398780769
0.8253049818662809
0.828902184729046
0.8293177029265394
0.8337038828343386
0.8331448271253756
0.8337562266540587
0.8322220117885522
0.8323203437042609
0.8326399650752032
0.8420795413318286
0.8370288207475751
0.8361188759896216
0.8384307804202372
0.8340270561598072
0.8287050926505343
0.8281560236502272
0.8304359723417967
0.833713758727031
0.8303099611489202
0.8219853349408804
0.8281059965717278
0.8292416385716825
0.8292857190256517
0.8297304384715334
0.8220421699680562
0.8352008240977892
0.8223547878995603
0.8216255028382499
0.8225918757066295
0.8225612455265101
0.8233187543312545
0.8232963466980399
0.8276814311498523
0.8279522636579487
0.8281757314216375
0.8260132206004441
0.8254203156633391
0.8112552444450655
0.8105798174700323
0.8100984664729355
0.8102300802035727
0.8102412810006306
0.8105631690285067
0.8110434270233152
0.8257087569868434
0.8256892608408718
0.8256168354274123
0.826249556053098
0.8265801164314653
0.8070587602458671
0.811312610085864
0.7967720260597494
0.8267358117471431
0.8264051650708785
0.8323755883719252
0.802460928163856
0.7981708854553864
0.8258430981380077
0.8256677676932858
0.8285376351059307
0.8219254779297478
0.8387531264012393
0.8676191955192044
0.8597732951108269
0.8597989194105916
0.8593278233099846
0.8272341922063969
0.8242330715759543
0.8241710792833992
0.8245038320307256
0.8248170147549968
0.8249482304055744
0.8243001276842324
0.8239329949378396
0.8240896100353814
0.8243782921558478
0.8242256404299626
0.8240701830524484
0.8243186921742481
0.8240679951615187
0.8252349678922003
0.8270796002639589
0.827225819814925
0.839881836711176
0.8271210601143714
0.8271029966917994
0.8271276288701874
0.8269036501633418
0.8269452800636804
0.8272212373338306
0.855755489849537
0.856072355585492
0.826876352047744
0.8269788096463846
0.8265640346224501
0.8267266246651996
0.8275843548842099
0.8265158037788399
0.8265786185536405
0.8551926416085229
0.8247359439298841
0.824657976209803
0.8258565745053218
0.813951053499064
0.8139565709174781
0.8131113442569534
0.8132054642602204
0.8190175661069297
0.8190909147520141
0.8289877283208518
0.8021163063989201
0.7969532562049974
0.8327599139594463
0.7953945013027706
0.8020623072980066
0.812747921235343
0.8128722779292019
0.8524239380321064
0.8338693254386231
0.8449288081535559
0.845153704667879
0.845119388239581
0.8193720410966555
0.8125911439456825
0.8440068368532094
0.8438340524268775
0.8435193988980616
0.8434476165354068
0.847018379268885
0.8471863463180628
0.8474523879172038
0.8440829543743638
0.8442816344976822
0.8512603424912127
0.8467326854137435
0.8472014597266422
0.8468163187237064
0.8255797107324105
0.8142214959249019
0.8140920412693244
0.8138429375740821
0.8141217774244319
0.8359680640270354
0.8357993045133352
0.8355231032144604
0.8154292345795895
0.8154120595578701
0.8167174973884042
0.8135948333763382
0.8153827393140745
0.8557406463289967
0.8097525389715413
0.8129425038583766
0.8150033193833104
0.8155060516893162
0.8197110581625676
0.8193833676364886
0.8202339481089557
0.8204292326800198
0.8512116364825143
0.8214567312376303
0.8364075122673809
0.8123603707575124
0.8122041751033403
0.8122869914966957
0.815187066853152
0.8155276802687711
0.8096601792046578
0.8095190942188929
0.8095353929753617
0.8110788483946195
0.8094353278625857
0.8092232047656392
0.8320336081085264
0.8658983617178861
0.8504157910989119
0.84876705557857
0.7961312023269381
0.8072429656445874
0.8076018893245792
0.8259616969844589
0.8283777559517117
0.822213315292033
0.8242481102675582
0.8170135173038344
0.8167683698832914
0.8276756644006157
0.8216644658639933
0.8375116398876048
0.8178835635836451
0.8323692001140252
0.8330602268343578
0.8308589332960727
0.8300557117542631
0.8639481929930038
0.8716829841707984
0.8700130030709148
0.8669899223942233
0.8676095571582854
0.8676823829216143
0.8799227399565833
0.8799712729246092
0.8795632422895631
0.8793139002924493
0.8795793944061326
0.8797417685021326
0.8799294503713239
0.8792756344108186
0.8798969142288775
0.8836612780865193
0.8590273407833013
0.8592902168852559
0.8595848744055286
0.8597135979816397
0.8598694739280811
0.8596521758096951
0.8773278643285785
0.8773628751874866
0.8772302418197285
0.8656195561969874
