0.6705673698185459
0.693260204075583
0.7032860541489212
0.7004827060939258
0.7157280279277785
0.7477738393513772
0.7514955100785056
0.7523202951080401
0.7505492358255677
0.7507176146118046
0.7503340917217147
0.7518487650666071
0.7568840038833909
0.7431210899854613
0.731768407412788
0.7314322254089812
0.7314635494334109
0.7369764717505962
0.7314637621639957
0.730142587187995
0.7464441122956708
0.7396542882898193
0.7383000543534999
0.739273974621803
0.7591534626798404
0.7583697031105048
0.7573776449861082
0.7642624543282297
0.746044992097245
0.7470533519903261
0.7787786838899493
0.7745463640206561
0.7747873686869894
0.7709327120428315
0.7704128328466522
0.7709708446952249
0.7583351329707291
0.7587356199559231
0.7630457412076119
0.7615171449544141
0.7657210215208943
0.7819805428833776
0.7896302251143781
0.794984443258476
0.79602631207902
0.7853204762205489
0.757092156603412
0.7575154352148157
0.7573332864724903
0.7756001256210006
0.7928923315052393
0.7891555393685753
0.787707644839937
0.7897951948289733
0.7883295648491612
0.8054752644520067
0.8055643310053595
0.8072366709850225
0.8086229798120445
0.8092607538422201
0.8089802558482042
0.8087966740216622
0.8093029267342174
0.7943767330090846
0.7952200651753151
0.8002334799813375
0.8006916956296982
0.7839913251672277
0.7987982299807286
0.8311340107977103
0.8274478588798708
0.8052256616472465
0.8068462381181657
0.8078715053815179
0.8042917248048432
0.8050597990236296
0.8070689478864199
0.8096717406068104
0.8063587359325931
0.8055515914000808
0.8088085359391396
0.8058810569978887
0.8033454443863286
0.8031476292423168
0.8047516569618853
0.8191407298484669
0.8191231947707502
0.8202198207781195
0.8185890862963537
0.8153330622476723
0.8167696406248264
0.8377174855432338
0.8351733875147
0.8363611038990978
0.8385594421383675
0.8336015056923471
0.8249304726749387
0.8230879473365135
0.8212655962030101
0.822249905203194
0.8213711313353251
0.8429997278792581
0.8488077668120513
0.8143254993569111
0.8293658967079428
0.8317992990818974
0.8335867107443474
0.833661684007413
0.8377407243033659
0.8416403523340177
0.854111626613665
0.8721187426861869
0.8641629670170529
0.8645022250556732
0.8739012081711147
0.8656085558215807
0.8673286107187713
0.8769871030198738
0.8757087691036054
0.8744565366900656
0.8698906350299436
0.8574799931610709
0.8588645377301234
0.8707792926826717
0.835692872407744
0.7803041551270558
0.7810913137410219
0.7823735378209666
0.781579693528406
0.8128725537185808
0.8132574095372225
0.8203031150652863
0.8248562993729266
0.8208767260371144
0.8209615836907536
0.8111649854094497
0.7652765475514933
0.7659265100302662
0.7660395634445669
0.7658654370618061
0.7654074151832364
0.7808152618953696
0.7845125180017635
0.7842253451192763
0.7841608796260904
0.7943372909727621
0.7929978859403467
0.7930713815931517
0.8131363701911513
0.8138812761824488
0.8145117405832224
0.8144776614120423
0.8075427616201334
0.8128623011020432
0.8143948841717676
0.8161769645452228
0.8185274934691097
0.8133973593375474
0.8139941123644893
0.8141452477056227
0.8171955725829446
0.8322433740041725
0.8243447280681032
0.8284698604003774
0.8371228303868647
0.8305085843827109
0.8525602889738022
0.8599113763409089
0.8637749675582332
0.8623470148431385
0.8669272848126389
0.8812527605339363
0.8723847312238409
0.8728170597762334
0.8723445948824295
0.8398994858122143
0.8397511357764462
0.8596221589237754
0.8597966629098633
0.8512371622616643
0.8398684136986263
0.8341718033794053
0.8326767840968078
0.8325536738885395
0.8327829921052521
0.8327189957684267
0.841984507303418
0.8411184480306226
0.8357974658848746
0.8494054200949757
0.8466528763994066
0.8320398003109462
0.8318999963169866
0.838810332339355
0.8304263158523081
0.8282372056802714
0.8501151264536239
0.8500824463213267
0.8464330469555901
0.8464606409406674
0.8512619632067826
0.8048562556112245
0.8106447031012929
0.8207063584740234
0.8184329447838903
0.7861008493498589
0.7836638250030613
0.778080804338346
0.7807613753330501
0.8076087465262557
0.8025026702261417
0.8266607785676974
0.815154965388985
0.8153530499034344
0.8152372254236466
0.8157323147267553
0.8155345665509324
0.8182029188892237
0.816887448173398
0.8161534081133375
0.8167949404384874
0.8170124622139385
0.8166799432367772
0.819209275757603
0.8162068075540987
0.8163911813175417
0.8164518899258787
0.8219903079787318
0.825494537296813
0.818470621709162
0.8055415084240637
0.8129141220960542
0.802874043758432
0.8322156234747099
0.8262573810165349
0.8184933880407943
0.818528192596481
0.818805588724111
0.8188345491574015
0.81869245647545
0.8196636812396391
0.8177096880917134
0.8165470271881723
0.793774522974975
0.7787745941537986
0.7880620550010771
0.7888816287148435
0.80124701863578
0.8029253481410488
0.802536649716038
0.8321800717608755
0.801220214173352
0.7837109236553854
0.8127259660156129
0.8010407573836247
0.8013207363725345
0.801601526208661
0.8021070077732592
0.8006428808734254
0.800984274628765
0.8012484916479485
0.8025057547602193
0.7984148886440942
0.7988541300488378
0.7986863595864049
0.7979718234322541
0.8247565854421693
0.85539269068931
0.8564560476018782
0.8563075340932054
0.856914108332873
0.8490289821759135
0.8560537042158364
0.855667573898375
0.849058912749945
0.8488406313813326
0.8504575180203839
0.8535547159501673
0.8516120351230886
0.8521293123892654
0.8146562278619892
0.8139198245782171
0.8407740880377329
0.837751819005409
0.8378106717807842
0.8379501741872102
0.8194671925391371
0.8286605945532879
0.8121301081977211
0.8221124756889424
0.8249430551562197
0.8270725085662061
0.8357497938810283
0.8470178349937609
0.8530333874504094
0.8354041562847195
0.8181478696764123
0.8622146215839422
0.8744364846895909
0.8746110596609907
0.8747453695273437
0.8753589774142236
0.8759118143201251
0.8760937547221552
0.8764992840991623
0.876080921343745
0.8760981154398544
0.875586884626655
0.8755436402088375
0.8755408643389537
0.8774987650805044
0.8801975167825534
0.8802454498078175
0.8801110728706176
0.8805676547940722
0.8814357420983568
0.8814420537606148
0.8803443861485937
0.882644006036001
0.8771523510306474
0.8774223364372236
0.8753513936811564
0.8769673095594722
0.8735703912998939
0.850999000539719
0.8511215650478572
0.8749378912574319
0.8746603504473897
0.8751682084519903
0.874936375748398
0.8757212150232186
0.8776685202780173
0.8745976438435392
0.8749148345855052
0.8732211135725544
0.873306647519028
0.8623555963131456
0.8663264179578186
0.8575748154283112
0.8649262499492271
0.8641620279752384
0.8645121745387289
0.8647549951044138
0.8491226136383805
0.8491660327773453
0.8489638247431481
0.859774610520496
0.8440025559032805
0.832969368413527
0.8366916179502688
0.8362610216384488
0.8367490398728029
0.8226828873369769
0.8405584404290095
0.8406711419285148
0.8409812038457782
0.8418562114993091
0.8417193725658241
0.8417128284066757
0.8421562597327844
0.8473795265412921
0.847434287355161
0.8311825044298868
0.8417320192975776
0.8466479686023122
0.8465020022412663
0.851923252886259
0.8652123656274154
0.8641540276287307
0.8524972058031044
0.8657479167398752
0.8653029219226115
0.8555184397909108
0.8551783375481218
0.8557193700646412
0.84438559352464
0.8433766068476028
0.8495144653460602
0.8495752874463071
0.8495885761101127
0.8493620263455379
0.8479085522336605
0.8515015360338947
0.8558328137063855
0.8468813346629368
0.8542823159196457
0.8547574565169741
0.8547813246004672
0.8616907617001592
0.8485644778666124
0.8531773590401223
0.8478902157713537
0.8522170601142777
0.8518998458753925
0.8520016557962359
0.8518306637206199
0.8710005805733593
0.8782094528313831
0.8633015732778467
0.8668635707435098
0.8708653781901676
0.8710266817219354
0.8554901517918511
0.8612319986269293
0.858279118657389
0.8579817624583895
0.8584362025540689
0.8524510823449538
0.8524880825986775
0.8627925408173251
0.8682317863557477
0.8668817613808569
0.8561985323858485
0.8559404386399209
0.8561167653583381
0.861164179143093
0.8608955580374144
0.8620181811480838
0.8747489745894699
0.8735314482882383
0.8721950769009905
0.8730642764306139
0.8651908314504927
0.8636482301858766
0.8503981248133787
0.858872003815245
0.8419117645774374
0.8449933254381161
0.8434897228031538
0.868931622687788
0.870650942717593
0.8682060232470064
0.8678062115729887
0.8695746229826272
0.8658665896375345
0.8714542389622648
0.8719142489099928
0.8718924804771107
0.8712943013458053
0.8554775956696673
0.8469194308971196
0.8445156113238784
0.8470903971090765
0.8397330240646139
0.8396901320709917
0.869110245269811
0.8665720395807012
0.8662655773194033
0.866251986407911
0.8659653215275432
0.8712243610325864
0.8641947052514727
0.863935106072471
0.865886317861436
0.8657790600842665
0.8728633436849662
0.8727144872000668
0.8730919051712089
0.8739036824098538
0.8655118604814129
0.8474303815887433
0.8528669454152652
0.8542507818521813
0.8714884000480179
0.8714593008427685
0.8711964088193667
0.8710316186663083
0.871209316365342
0.8742985384830043
0.8744620723980615
0.8678931970183109
0.8476650270433091
0.8641505382716891
0.8655057754736031
0.8662671059143876
0.86838343520868
0.8593057641622732
0.8642194742454183
0.8677967295407684
0.8641658404650316
0.864580617347798
0.8756923632746019
0.8774407047092193
0.8755375542510885
0.8772904130708494
0.8762755071104288
0.8873244010024807
0.8808632557014526
0.8810674413537752
0.88089713586577
0.8719343674371578
0.8851682364436099
0.8857360356976139
0.8671078123557621
0.8784224384475149
0.878415527584516
0.8784250846092782
0.8758601115421158
0.8782196552259728
0.8779591954247877
0.8809808597609289
0.8811591600982854
0.8807685976665888
0.8824110319083984
0.8829439715105024
0.8808860856477593
0.8845410426826441
0.8831665839786834
0.8798182328075412
0.8834732308693335
0.8834566407071479
0.8794497008208018
0.879727108727678
0.8797727447635095
0.8805694707006719
0.8793981903022448
0.8789660581469642
0.8788859112384414
0.8788056112735688
0.8801314690809335
0.8809024835538534
0.8905462521398242
0.8905261733867343
0.8900903629037263
0.8890146846526772
0.889308092691595
0.883229990719622
0.8813354647636207
0.883010101815151
0.88704166867251
0.884397248471824
0.8842736244902524
0.8842467269547705
0.8870018169383868
0.8833328177965091
0.8834213617041079
0.8614867900656523
0.861513834287508
0.8671566627884693
0.8691739874047281
0.8696189075125986
0.8695145562815266
0.882473235375918
0.8757839973685703
0.8887421851589139
0.8886208006583215
0.8753204534323716
0.8755756377642198
0.8832007541816387
0.8839107234477994
0.8820518755819595
0.88210357981183
0.8667954636350759
0.8744039536726506
0.8817033182052458
0.8879298265083054
0.8878411453055581
0.8878978815683084
0.8884466008732688
0.8797221719812814
0.8795432001666362
0.87971566759197
0.8812027902373938
0.8811684301812883
0.8532752353062991
0.860464763916072
0.8603276271201444
0.8487757011312784
0.8510022372268933
0.8585682627702803
0.8593760477164075
0.8512619324865429
0.8526169227630439
0.8592561824685288
0.8530931489292465
0.8552968237041823
0.872867563442728
0.8728879612351738
0.8757706512669076
0.8767943046571647
0.8618501909153281
0.8642267921663005
0.8603914332112002
0.8604505410306863
0.8495548918133752
0.849683474964163
0.8512841172069395
0.8498564015596888
0.8498266543600961
0.8498279329017276
0.8529898530227087
0.8610354986207795
0.8607988201499093
0.8503220900946532
0.8503106301461008
0.8586427098778513
0.8587629416128458
0.858922434850585
0.8602791073856794
0.8596490262079058
0.8594186079922617
0.8592528799624218
0.8594166240188571
0.860612990725713
0.8576219536185256
0.8575760753691559
0.8550780958168316
0.8583935219275738
0.8583305065329985
0.8590557007754159
0.8601942416127404
0.8577866038078857
0.8519185383984352
0.8483017053650701
0.8563224986247358
0.8568218012339197
0.8867952863672525
0.8490757386302719
0.8541429340505442
0.8567539494492353
0.8569459838899625
0.8567936821505939
0.8516696644379417
0.8513826691132339
0.8348973093691184
0.835625280365244
0.8410441540433496
0.8418298608012341
0.8348239024646007
0.8408562956831264
0.8394159187596159
0.8508773113698497
0.8501394798433821
0.8813092684363567
0.8816806142675335
0.8820015230202066
0.8820964709177642
0.8366672769323907
0.8395180102580097
0.8373145782407495
0.8373736136942777
0.837353639986942
0.8427246008569106
0.842455061627704
0.8293719360009458
0.8287133506688746
0.8286984394790298
0.832399663782281
0.8334557379874625
0.8362872278862461
0.8405564397191874
0.8436626867968857
0.847414604936107
0.8474728425892711
0.8397879287721329
0.8385119697866691
0.8476521308638423
0.8381941559711572
0.8382879231520696
0.8382129498294016
0.8382371669974961
0.8383376586384572
0.8383623800709592
0.838511360617802
0.8402011212692376
0.8403352580520904
0.845267515317169
0.8460644304557171
0.8416163278263322
0.8419259467961555
0.8418311145796454
0.8480799802612707
0.8509010814963982
0.850152824014776
0.8394246369368961
0.8492630852408343
0.8491935636853883
0.8527365364900404
0.8500208263198189
0.8580398201670664
0.8483396984978977
0.8509709676434344
0.8452177828967696
0.8618080537455604
0.8419525851975477
0.8445198699997283
0.8420292139215239
0.8607562124759297
0.8421039778149654
0.843200200167613
0.8429653797302875
0.8725462861031493
0.847146497909121
0.8473502867819553
0.8514075175110484
0.8661227425958967
0.866793036135952
0.8422710187754877
0.8433540780163779
0.8419941012669663
0.8419224438369393
0.8528818243199877
0.8529187614230231
0.8429920405139516
0.8659540633132815
0.8662679534969525
0.8624333924429323
0.8523857581597739
0.8576218634609452
0.8581436339355273
0.8212333837860738
0.8292433841248846
0.8286738370513078
0.832446028548569
0.8342972041689173
0.8274824565859156
0.8274478395295043
0.8282907070705213
0.8368229172912292
0.8367026118681097
0.839769529858202
0.8318340503702514
0.8391409637724944
0.832975264906786
0.8276619119893933
0.8331398976046727
0.8331805585153242
0.8334493266538026
0.8381438999940383
0.836935823755982
0.8372979235048386
0.839970854074761
0.8397560354942929
0.8375014296961873
0.8372598221997285
0.8422863067396897
0.8424380049074417
0.8439898656337371
0.8425493223812132
0.8424792023160167
0.8425268935275513
0.8387963463915159
0.8395149782236717
0.8397789285654694
0.8395083889224189
0.844874150481111
0.8315846084937917
0.831730362741546
0.8355735531771713
0.8359216266595054
0.8422650652927511
0.842259019448959
0.8424810579466004
0.8406188961072789
0.8380011003400794
0.8320701117735215
0.8357782637734139
0.8350221833347582
0.8301202708704722
0.8313170457772951
0.8338148554842172
0.8447013901499211
0.8406985790501416
0.8365351410031369
0.8400062896651264
0.8397481548097083
0.836323328530112
0.8358457301031876
0.8347651446723704
0.836344438379197
0.8325790740572966
0.8308514150980062
0.8302882647773644
0.8346344565973763
0.835189817295149
0.8400971259164456
0.840399745781268
0.837121989160111
0.8378204626803708
0.8411550137361717
0.836696752404366
0.8357660988100609
0.8360947915512116
0.8364733578097086
0.8345539883552759
0.8367880252054055
0.8401187339310581
0.839453285611666
0.8391263874109436
0.842833832921223
0.8467327194541687
0.8488681490674016
0.8417798090555678
0.8420601863292875
0.8398769921808901
0.8358015715157165
0.8182011476842974
0.8360031840397838
0.841515111919131
0.8411721584095623
0.8401748407109864
0.8399419618471688
0.8398921508754368
0.8399295822417311
0.843024499747197
0.8396135509056584
0.8397709505222392
0.846783285967072
0.8541799439004165
0.8546918871099455
0.8548737596189986
0.851440765178994
0.8514144003268647
0.8514877886612005
0.853201230894803
0.8552435999902319
0.8491287734347984
0.8425049462109906
0.8287689937102772
0.8286688141051519
0.8408912356226637
0.8409496210802941
0.8445396796694852
0.8407442452414359
0.8408697518737178
0.8484445590255935
0.8484058170001075
0.8486130234585108
0.8433082090049406
0.8474237248095534
0.8227673840145429
0.8275237664116518
0.8276383125231148
0.8275824377410624
0.8264810763154292
0.826681334691848
0.8274897908631129
0.8344739022869958
0.8347258219025945
0.8409831748839859
0.8423087594169598
0.8407176917540587
0.840959221394962
0.8497237496938812
0.8450219876376013
0.8467962186642584
0.8461712797031127
0.8425813798701296
0.844210819576636
0.8445152999176142
0.8469229882392592
0.8480654133625889
0.8505751980990794
0.8391828187941714
0.8503949129533468
0.8494380521141417
0.849256592024146
0.8487931949982532
0.8432448212501531
0.8478922761303559
0.8479046877992036
0.8512659506030233
0.8515212836089125
0.8453104868954778
0.8454529452587809
0.8551538903222798
0.8551668886913728
0.8528897616840617
0.8527304736102814
0.8523098757616232
0.854337880067429
0.854445763436392
0.8464221707316069
0.8466476028063762
0.8470446701983113
0.8464685358343341
0.846879244560733
0.840203116479171
0.8394601797924653
0.8395647500125492
0.8396174126030737
0.842276142581055
0.8423357053410236
0.8423534316867572
0.8451409573611072
0.8451534270984645
0.8448153520619346
0.8436144895658566
0.8481065906943572
0.8475447140049549
0.8491656435915118
0.8491498570086438
0.8509342784061343
0.8511975284892894
0.8509120325088976
0.8457918660981769
0.8458907310907039
0.8507425011343048
0.8309510642296347
0.8324440225255447
0.8334662628684166
0.8252467790268482
0.8254114320210011
0.8200859837950285
0.8217632813750082
0.8355897028036707
0.8323488402293863
0.8256587873383056
0.8306744529898061
0.830631476080757
0.8349268953295573
0.8349804119231091
0.826265239320071
0.825997045303928
0.8252791075640139
0.8333149102485057
0.8375247567573262
0.8370823747449044
0.8336030601873398
0.8048735240665373
0.8157400116204886
0.8297473735060047
0.831451096382073
0.8249053393416274
0.81981383816695
0.8180635866924832
0.8159494481999423
0.8158435687971232
0.8269054437002721
0.8368236983179652
0.8364605012540383
0.823655637667625
0.8254949460126133
0.8144907853904246
0.8167331823421857
0.8162827504526516
0.8199392996110967
0.8140928161051282
0.8311278623677609
0.8324642932683327
0.834354839089306
0.8380474182030961
0.834155744702584
0.8371364660662249
0.8369816619992313
0.8365937395097989
0.8367898462137823
0.8370507307628449
0.8370013503578916
0.8371576205443183
0.837405566924042
0.8381305790045995
0.8374263331594162
0.8340399830002361
0.8343320405647975
0.8360334415587979
0.8439937111973165
0.8442327036730916
0.845531984618458
0.853088174934525
0.8525427997651693
0.8523361892516789
0.8488987287571912
0.8497641450790818
0.8499569658012599
0.8515738254782983
0.8516197452031463
0.8510115711522974
0.8513357547534346
0.8259496276272297
0.8343628541423324
0.8325408263645182
0.8332849102051104
0.8416009656113734
0.8441395168788192
0.8392175214514452
0.8352888491467487
0.8381928260535001
0.8380273021406601
0.8322183485245782
0.8317265347018445
0.8355095549557452
0.8357575912631434
0.8351923605884257
0.8311824313306136
0.8298036200897116
0.8318543857335274
0.8213745749237834
0.8240434604905305
0.823262279543905
0.8231717736050354
0.8229661032276953
0.8322943165324475
0.834234272600772
0.8289651695177619
0.8248920293272352
0.8239320222990792
0.8185558113653191
0.8325109809015101
0.8238313737172356
