0.6330732593128253
0.6392171324637741
0.6408217573034315
0.651314832196188
0.6602584919739866
0.6632449338424118
0.6777502560281823
0.676133616404878
0.7092420922485062
0.7100827818638981
0.7103439231636427
0.7114824155624105
0.7117512544486067
0.7110170051652596
0.7098870861455804
0.710381019439658
0.7121749398229673
0.7144668624185684
0.7128176605313858
0.7127614184650262
0.7134825845946877
0.718167819311274
0.7534727400324438
0.7021519254068136
0.7025889998211798
0.7020119443631521
0.7019148503578703
0.7025915546174907
0.7026291688380856
0.7026751416971428
0.7028905597480354
0.7029464441576663
0.702176753296334
0.7017784431742242
0.7018298665253552
0.7021143370441745
0.7020620796125097
0.7019596764395981
0.7045358921947642
0.7286285904656554
0.7391305761142501
0.7492890266799408
0.7742530551196531
0.775632882409147
0.7763372615665353
0.7755407007575952
0.7667135767604276
0.7657687988550961
0.7670222228573674
0.7758789588808611
0.752094062892595
0.7578014552199364
0.7715145267659923
0.7318325903147109
0.7691195951778593
0.7832121381529413
0.7976588168166574
0.8054551475381692
0.7501240370769414
0.8019053662618115
0.8013814994391681
0.801459689434533
0.8012366676388117
0.8026275769861818
0.7948099857271387
0.7955433858610416
0.7948453759759891
0.7945812576588904
0.7971844979729839
0.7986121007730297
0.7987122467316616
0.7991753633725862
0.7971736747542159
0.796990189294283
0.7975221411081742
0.7210634675644876
0.7656256897087391
0.7665373495364841
0.7620136091916675
0.7854120272411398
0.7732611699724603
0.7559638602575619
0.759223590666872
0.7612326996411583
0.7301655003991218
0.7330118394129678
0.7261114021649173
0.7258937226106472
0.7171617696008249
0.7167409276034196
0.716731977707822
0.7165089716998019
0.7191645409987233
0.7195692529315636
0.7283853627939982
0.6689275673878827
0.6711834398504393
0.6711451358632325
0.6808650528079564
0.6799827095992845
0.6808565763260175
0.6794428000874323
0.6804965065858739
0.6806384825642909
0.6805996303310153
0.6806373507958664
0.6921382336654026
0.6933856679438515
0.7381465427973669
0.7364383180401405
0.7333154944898619
0.7336788909828389
0.7334704173438138
0.7368001556206366
0.749265903595513
0.7611176209208053
0.762528334989416
0.76138767535394
0.7623356129082399
0.7645242490074954
0.7640765132835965
0.7636673388370792
0.7627571537889523
0.7640816983773292
0.7623085301100393
0.7637246889003886
0.7624365911885589
0.757709612647693
0.7627323501784062
0.7669819096356885
0.7632632226738558
0.7633591148465325
0.765771686975286
0.7658516083276626
0.7674173361352388
0.7675656671882215
0.7686980253139782
0.7680674969812568
0.7673986021180068
0.7677674985183626
0.7678257162035872
0.7684302175509892
0.7687172049086354
0.7631440139596349
0.7672104940887499
0.7855713186608857
0.7855037511553515
0.7856562483907208
0.7539472703113757
0.7549031806896892
0.7535160303183601
0.7537725823044608
0.752156716425189
0.7588428519135013
0.7510471475601563
0.7511298337938509
0.7727405795315665
0.7735837651202544
0.7762972782931088
0.776476428035064
0.7968993831333733
0.7975125565910992
0.7812357701314934
0.7813136213974601
0.8038014588824121
0.8117506173945885
0.8114484251045515
0.8102472808638239
0.8742161485416227
0.8726901680824993
0.7683510395897383
0.7712077996284324
0.7964225595330362
0.7765497738501658
0.7821378745270511
0.8015498679681052
0.7999468239093003
0.7963455545699643
0.793558032193235
0.7935515698740212
0.7930978475608635
0.7793746274972558
0.786430612992383
0.7868229697195608
0.7863777944445329
0.7858090108528625
0.7857074629862673
0.7857967165899329
0.7891744588210458
0.7902727966676023
0.7896000306164613
0.7889598221266395
0.7877616720026506
0.7877443382954791
0.7883068087086075
0.7882603647184588
0.7881984297269757
0.8001743454726536
0.8370070284789276
0.7893128028847688
0.7863804786190471
0.7949983291921547
0.7952222520017451
0.7950259738386243
0.7861234035547315
0.7887888700662374
0.7853551772668975
0.7851770236002266
0.7875704633977184
0.7943496790785081
0.787937371674497
0.8424571154765766
0.7865134867293321
0.8015359589427052
0.801229119296275
0.8020319771485789
0.8012114200054444
0.7719128149278481
0.7722571730453935
0.7934963697306625
0.7937942532692056
0.7954338862680865
0.7934877376444138
0.7935907986929122
0.7929057681254398
0.7927628972314994
0.8073474705798693
0.807247581718395
0.8074450471328902
0.8108896434693287
0.8227827701753662
0.8258651495090217
0.8196332301818513
0.7385074900480402
0.7467290190830459
0.7468352384174781
0.7445679921284759
0.7520106975716981
0.7509175532427783
0.7536563747424188
0.7602306088054822
0.7592207878509675
0.7469198448159169
0.7502384061434088
0.7510780351583648
0.7506612908399541
0.7514763511399769
0.7892882294146156
0.7928440490057346
0.7373862784575889
0.7772608030446608
0.8110374628223299
0.8112105666371741
0.8111129157511098
0.8115731111638531
0.8199760470520681
0.8235215869277743
0.8232181962376615
0.8271802131139785
0.8323002777685115
0.8318696205626489
0.8335626235214126
0.8319131904032658
0.8322475876886657
0.8328995723306855
0.8321739275824406
0.8349019280516157
0.8362626448326697
0.8349662842903574
0.8239791633865028
0.8095905477492141
0.8123458059043438
0.8189106382229565
0.8062233093262055
0.8095144057208775
0.8040633144782946
0.8086269251328981
0.808251368192689
0.8205428818953099
0.8235866656200326
0.8240200028295802
0.8234714880227797
0.8286194865207784
0.8290229207107189
0.8285244317836102
0.870459305100375
0.8691818931002817
0.8293018770654326
0.8293892780604566
0.8327868673623946
0.8287423072355853
0.8290334072317912
0.8316652687993111
0.833970821758049
0.8284367256511563
0.831352530306644
0.8321037649118974
0.8262686091562503
0.8267062957763668
0.826389791152706
0.8302654773238682
0.829037006922591
0.8323728192879177
0.8145201831345322
0.8150623050939986
0.805901077141083
0.7798982487939367
0.7878168308790997
0.7915432737360164
0.7914619201544013
0.7982232075203524
0.798973092239351
0.790404506295272
0.7818728718378887
0.7825802322787867
0.7585693833792931
0.772506796632013
0.7629836673459284
0.7620878077187755
0.7619695810285801
0.7616337576898465
0.7825778664489889
0.7879301590537598
0.795682123010049
0.7896295250244152
0.787468038365357
0.7881813846799062
0.7875136030483724
0.7905435406267872
0.8181989912606419
0.7854534219450998
0.7869961060500011
0.7686157414650057
0.7799535463023836
0.7741440065246591
0.7158130080219894
0.7205124977661997
0.7161321097160264
0.714825680530339
0.7148351555230004
0.7136189678961135
0.7153613054664619
0.6799894774112135
0.6803978610809013
0.7176217641013395
0.7177084528468279
0.7192128045968099
0.728127193111623
0.7300220554244766
0.7306143594000315
0.7288799114580052
0.7288504080242654
0.7334691622904095
0.7325290643517897
0.7326085918675997
0.7339297964605004
0.7341608368205025
0.7502787143549197
0.7494494518757008
0.7492198615801013
0.7478535408687179
0.7487250941443883
0.7471585238181063
0.7287742907078809
0.7575996518321312
0.759691160067893
0.756087146851459
0.7795678393062302
0.7800817591306051
0.7804089607352994
0.77938251363572
0.7774126179562527
0.7778905528180471
0.7787153513138313
0.752776034665701
0.7529458562367894
0.7520670447162746
0.7544488977848874
0.7639590866587865
0.7649096888102145
0.7678834210571172
0.768153250482311
0.7680718646028565
0.76825567395899
0.7681902727200117
0.7697868371636395
0.7442264825180036
0.7430594974431687
0.7428491465105873
0.7439784607742587
0.7452226181123908
0.7688123115826766
0.7424235819905152
0.750097379144585
0.749960331591277
0.772417101740263
0.7755037230755732
0.7786182330660264
0.747678761010194
0.7475522580359667
0.7339000383719656
0.7338419903898986
0.7321542669572702
0.7220168073660373
0.7212305596236899
0.7285825756184436
0.7552051096677689
0.7553353408635158
0.7553279368432056
0.7553619681937566
0.7572934575261279
0.7576111772900893
0.757030766608428
0.7635358631419715
0.7500861048812452
0.7489393733584717
0.7541419945810967
0.7547049182293668
0.7539711412179958
0.7538105080442769
0.7541271156985938
0.7540622755829813
0.7541188558460197
0.7671987128843423
0.7510570810357335
0.7572615544552285
0.7504824180510664
0.750929545437558
0.7524768403255047
0.752745728308567
0.7530654214013782
0.7528733764104356
0.7762235264901642
0.7524219002795774
0.752118460549903
0.7524988996869173
0.7441490391435248
0.7433930119599284
0.7387324233705052
0.7350296644010833
0.7348473825675714
0.7444535502517373
0.7393650499527313
0.7458047455410521
0.7405310130886822
0.7399350306847425
0.7395335465801485
0.734941731245589
0.7450792107751952
0.7513695131591405
0.7515341700743088
0.7524816160272854
0.7518638890335536
0.7512545977691989
0.7521846831327178
0.751610923155693
0.7570620507240449
0.7568240622275718
0.733385456914688
0.7313058015365018
0.730757200274761
0.7371718159408045
0.7288710422953585
0.7290250919468623
0.7296786892558866
0.7303870688485276
0.7289596682994779
0.7570020395325979
0.7456911091202321
0.7458230091402867
0.7463319833896513
0.7332236515340272
0.7325990076596477
0.7324647522926672
0.7332073100310131
0.7549254462710524
0.754118820450703
0.7539356532621451
0.7571519974179544
0.7575772500608445
0.758233839207397
0.7479490161098774
0.74670661161675
0.7467777421828505
0.7473060570211896
0.7475843683890631
0.7510014117562481
0.7519898960797389
0.752514233592556
0.7473735304238897
0.7470688241498907
0.7485975389486436
0.743999249958084
0.7440310319405842
0.7439777965075646
0.7461234663054226
0.7497521121710508
0.7538279310781115
0.7552590075550442
0.7487733132126856
0.765954978917376
0.7663651344244806
0.7661942210431943
0.7668798198531825
0.7690943934372949
0.7765417748817974
0.7767716895520599
0.7749177878802884
0.7670587786956147
0.7649090661723281
0.7657379407534922
0.7668797887197891
0.7483555998146522
0.7480873091903343
0.7453222840480866
0.746002450891657
0.7455561362550828
0.7452868963797991
0.7401479068998164
0.7370744330209753
0.7386385438896884
0.7367576617235561
0.7425204722983223
0.7427896741574048
0.7411405989668004
0.7414204017144388
0.7483211961091756
0.7381263981819396
0.7399832610126392
0.7388100796204711
0.7397264356318443
0.7411602018682626
0.7384185777673794
0.7391143613607472
0.7458038456799565
0.7668801819221034
0.7672429890653241
0.7497565272115165
0.7661282087218891
0.7669870972066959
0.7666042196630167
0.7809206502155132
0.7787663053222955
0.7776708622280544
0.7490602862843138
0.7490362853605133
0.7521038943511628
0.7603933152503702
0.7490512539181761
0.7486367268613193
0.7484509354787212
0.749140296293872
0.7500883694479157
0.7642584662562071
0.7605082119790484
0.756717313115405
0.7565793651904668
0.7566677635145708
0.7500672578264225
0.7479587726179425
0.7491189641405694
0.759866378766868
0.7448003087034143
0.7451891120182444
0.7432533264765341
0.7491126574150252
0.7506592151679223
0.7461539182199038
0.745633461593675
0.7482347345980871
0.7596119415459343
0.7486945727501073
0.7460175624923535
0.7563856415243527
0.7566253134048133
0.7571288757900918
0.7564487910414959
0.7560630864399156
0.754091101509243
0.7491352627773045
0.7495587129599909
0.7494520926409873
0.7493630851679565
0.7500062723488062
0.7496394380823025
0.7728066485340229
0.7534645372454383
0.7542773532521182
0.751080102412151
0.7322711723410914
0.7572157762603905
0.7733253478495932
0.7718120661651255
0.7715918202581148
0.7734389230383097
0.7565158449615056
0.7579840873099513
0.7556631520836201
0.7552285686812905
0.7551620494234944
0.7257500980158588
0.7372436760672696
0.7311250187076411
0.7304647204565016
0.7575572777805987
0.7563724688640133
0.7614001649803126
0.7679470909055337
0.7659765390930774
0.766274164609193
0.7678496344666143
0.7661474355918059
0.7659697483561414
0.765427569044801
0.7690641921544334
0.7711058757343286
0.7715527449048093
0.7697333103636386
0.7679393449777216
0.767894396703876
0.7682735523341135
0.7674644789232334
0.7622108428452619
0.7621354320434082
0.761923703351369
0.7632527272211551
0.7661350385490497
0.7682083883755414
0.7706837385244094
0.7702418040816121
0.7651271004769125
0.7660443222402635
0.7648064134961235
0.7673408496793085
0.767498121294858
0.7640639070285067
0.7603753185033473
0.7604982705862363
0.7612261541091123
0.7610746478981214
0.7623449963977703
0.7602925652690179
0.7605566727194264
0.7606649670533994
0.7584196523312343
0.7476178113681674
0.7308186988879042
0.7134156325788894
0.7439664003657745
0.7444452558088455
0.7436451638754085
0.7437377094110325
0.7456604231693017
0.7443300001676625
0.7462368416636284
0.7494936561682527
0.7463319311334182
0.7483199434442246
0.7484094751529807
0.7480566151370864
0.7486105024318565
0.7493993239227832
0.745992862791027
0.7287787346974467
0.748291433878902
0.748135310529349
0.7451866700167573
0.744700277441686
0.7476253704619484
0.7264990935413127
0.7312689515576447
0.7267098078456089
0.7238106254528063
0.715794010634785
0.7177082344742983
0.7167944933521379
0.7332271336564357
0.7157152673519983
0.7177559327723533
0.7162223462700658
0.7183118219349179
0.7275074032810511
0.7570491197908388
0.7418147262487881
0.7386489403793689
0.7393602590998037
0.7432606145352126
0.7397552334786296
0.7307987480894417
0.73151026217165
0.7307931195540974
0.731268132187172
0.7307990385269597
0.7338849231185985
0.7306005524667458
0.7324753636709249
0.7282481946134771
0.7277355779383786
0.7290161812275119
0.7289162859830494
0.7323736207938404
0.732547492852983
0.7323345088124767
0.732227827900039
0.731278285136461
0.7343662219287117
0.733965951585315
0.7336160429710048
0.7334908262551455
0.7355389817265108
0.7335372071247468
0.730423665692989
0.7338225832323104
0.7294192799644852
0.7531138644175425
0.7519214982602823
0.7519463434571777
0.751961168877143
0.7524998421047804
0.7524035801034233
0.7522579170841758
0.7519216577164094
0.7532774808714966
0.7528333705683772
0.7552394761782864
0.7532584656421332
0.7666810578002822
0.7528477536277947
0.7630736564788443
0.7635327754179245
0.7634071361368715
0.7624708851884301
0.7625188470528458
0.7621937530716993
0.7632404062659011
0.762243606651245
0.7623534440220664
0.7624186528191452
0.7605801060644717
0.7589636097164771
0.7605379680062694
0.7631584650852039
0.7628653568274136
0.7616771321732152
0.7616867313581934
0.7615957522218362
0.7616364416645363
0.7616351601676122
0.7617141021403309
0.7619755057876009
0.7672505557777929
0.7701280954401118
0.7697737447891438
0.7676772470947427
0.7678450584160609
0.7678344378644391
0.7681303946944996
0.7679940277194078
0.76810837801458
0.771446978558212
0.7692652636447136
0.7684589090179851
0.7684520779759921
0.7869402632656937
0.7812496532501885
0.7624521632552237
0.7626481063785195
0.7626095806223963
0.7621312173170007
0.7622652122933036
0.7619852250980329
0.7617796057313514
0.7619017534977184
0.7624701096859472
0.7622186396332938
0.7620967944453392
0.7629229018553447
0.7625230622707418
0.7735877477624331
0.7730639823983048
0.7733941100839538
0.773889578894321
0.7736602187957496
0.788393591618787
0.7967354655213268
0.7967913281845246
0.7840112160092741
0.7976148967205909
0.7435144111668842
0.7621990810429554
0.7441622986402988
0.7438730283394362
0.7546757047245617
0.7560992849690713
0.7391760070926695
0.7374700611591268
0.7371584269359657
0.7446697342563339
0.7472923055455309
0.7424345068550742
0.742423302259876
0.7598182296286979
0.7608328168143597
0.7604667107670897
0.7708629825143896
0.7704999645175341
0.7705587958757482
0.7704195829863026
0.763257589861772
0.7621283763255743
0.7620595449962777
0.7687043905304267
0.7684266573261048
0.7683615576832521
0.7677461725585314
0.7682517459997279
0.7706872612116598
0.765708098394301
0.7662361458115995
0.7775721690849664
0.7789691675117637
0.7789574799552692
0.7789144254530211
0.7814806789052108
0.7656820693244283
0.7579609480967449
0.7465959804668247
0.7521713820598341
0.7377488979339512
0.746061656605742
0.74626078903521
0.747560654697034
0.7510466729301007
0.7475938302057621
0.7479785095604385
0.7477207142801798
0.7544769772517343
0.7381714671415252
0.7368778837277877
0.7516015260588644
0.7378227001006611
0.7523696070270885
0.7561171671110468
0.7654136398313109
0.7653908919390061
0.7665205484255738
0.7649138985843702
0.7652868510400688
0.7678874063054675
0.7776633014975799
0.767753297481175
0.7674064455975727
0.7595895292384806
0.7596223224202003
0.757688422077904
0.7515812790029928
0.7430208552168192
0.7428177136923189
0.7429184533416796
0.7428906996240799
0.7429272052618292
0.7578631373010363
0.751346234080066
0.7663398838816408
0.768662921221112
0.7582867798763733
0.7491057199727069
0.7488072061354979
0.7521023730044564
0.7514604255351173
0.7524468433913077
0.7501732743206013
0.7442699017708987
0.7441971954203178
0.7448677386771664
0.7626216215019792
0.751697148352211
0.7363992978038432
0.7545088835353926
0.741328209978502
0.7398946358658637
0.7384019828806352
0.7801560375329346
0.7808113529451499
0.7776152774506753
0.7776740456566431
0.7784818836276307
0.7807831692964605
0.7809247029213704
0.7875281658756557
0.7878689126994853
0.7875480884256276
0.7866531270841304
0.7860626186710058
0.7851316020036018
0.7866514613558581
0.7786961786247782
0.7785900910509651
0.7588085138095286
0.7618275998428341
0.765919806317904
0.7737568722623622
0.7634437710862525
0.7632026551384916
0.7635014404153722
0.7540121824978075
0.7536241980443784
0.7541847312695448
0.7534514926954438
0.7525958296753187
0.7534282907332048
0.7536008254762069
0.7620488730770693
0.7620644752966906
0.762061311414448
0.7627196163949144
0.7560888734165767
0.7594430388551522
0.7644378146021721
0.7645079993632407
0.7636130920188696
0.7630850169287088
0.7626396730549898
0.7642390062647887
0.7641742934374426
0.7598910797084508
0.7571795097700792
0.7590204239440594
0.7765409572902177
0.7601375393216216
0.7602886077692337
0.7714392322656689
0.7707482301870571
0.7694223263193707
0.7690148480917305
0.7689934180442884
0.7578059479028909
0.7585988724735406
0.7567809487738041
0.7567484764687739
0.7577354711166252
0.7589778651877613
0.7542857364258648
0.7546608040992411
0.7495585903489487
0.7494617093446486
0.7554935110956124
0.7534467393191489
0.7527281541966859
0.7515179933711027
0.7520211627863034
0.7514094911957719
0.7530178695852688
0.7461159130931382
0.7450691821813471
0.7443345649297161
0.7442982737841359
0.7434028122193541
0.7437967925401375
0.7376147676830418
0.7430478428160343
0.7658296658506026
0.7651715183141165
0.7648893733072147
0.7648717696394028
0.7656524901393862
0.7734613743671155
0.7629291387644543
0.7779310899487505
0.7793975177436466
0.7665477145922736
0.7710120449543448
0.7635908590200219
0.7636653854593609
0.7639796708701604
0.7653708484393612
0.7662051619434367
0.7666074808050228
0.7633300457569645
0.7648064588187619
0.762609668694407
0.7629299427730404
0.765819816024806
0.7685903362342192
0.7681703136137867
0.7684126513614644
0.768730093715919
0.7698409010838332
0.7699463617364276
0.774389206614879
0.7742509592699788
0.7718521275481742
0.7529467200087525
0.763908798084861
0.7508570629199559
0.7513031144506237
0.7658194946310367
0.7843862701027378
0.7810112822506724
0.7822749501474515
