0.133333
0.703704
1.000000
0.275862
0.523810
0.500000
0.647059
0.727273
0.809524
1.000000
0.705882
0.260870
1.000000
0.777778
0.454545
0.290323
1.000000
0.520000
0.560000
0.782609
0.733333
0.481481
0.391304
0.761905
0.782609
0.647059
0.652174
0.551724
0.550000
0.307692
0.925926
0.448276
0.136364
0.375000
0.461538
0.218750
0.833333
0.500000
0.515152
0.304348
1.000000
0.275862
0.730769
0.631579
0.700000
0.407407
0.888889
0.708333
0.162162
0.590909
0.545455
0.352941
0.782609
0.727273
0.500000
0.187500
0.687500
0.800000
0.409091
0.944444
0.950000
0.518519
0.270270
0.103448
0.566667
0.826087
0.136364
0.937500
0.842105
0.350000
0.826087
0.807692
0.923077
0.800000
0.571429
0.225806
0.428571
0.550000
0.823529
1.000000
0.555556
0.533333
0.117647
0.600000
0.718750
0.466667
0.840000
0.172414
0.459459
0.650000
0.913043
0.840000
0.320000
0.590909
0.448276
0.774194
1.000000
0.739130
1.000000
0.913043
