0.464286
0.925926
0.454545
0.448276
0.800000
0.160000
0.312500
0.347826
1.000000
0.210526
0.394737
0.562500
0.794118
0.541667
0.560000
0.350000
0.368421
0.620690
0.281250
0.758621
0.562500
0.422222
0.179487
0.269231
0.363636
0.083333
0.454545
0.516129
0.057143
0.714286
0.303030
0.652174
0.291667
0.384615
0.480000
0.281250
0.150000
0.264706
0.739130
0.708333
0.500000
0.529412
0.444444
0.560000
0.800000
0.517241
1.000000
0.800000
0.433333
0.461538
0.645161
0.789474
0.884615
0.225806
1.000000
0.687500
0.750000
0.290323
0.466667
0.264706
0.800000
0.588235
0.583333
0.620690
0.687500
0.642857
0.392857
0.866667
0.352941
0.281250
0.757576
0.964286
0.090909
0.607143
0.625000
0.574468
0.512821
0.181818
0.416667
0.405405
0.592593
0.047619
1.000000
0.684211
0.379310
0.346154
0.677419
0.400000
0.190476
0.303030
0.350000
0.781250
0.431818
0.424242
0.314286
0.295455
0.727273
0.550000
0.724138
0.541667
