0.428571
0.548387
0.416667
0.214286
0.423077
0.500000
1.000000
0.428571
0.444444
0.138889
0.650000
0.700000
0.791667
0.588235
0.655172
0.642857
0.318182
0.068182
0.105263
0.136364
0.400000
0.200000
0.535714
0.259259
0.296296
0.217391
0.208333
0.480000
0.382353
0.333333
0.181818
0.444444
0.117647
0.407407
0.184211
0.344828
0.565217
0.560000
0.571429
0.857143
0.565217
0.230769
0.531250
0.678571
0.270833
0.194444
0.250000
0.272727
0.166667
1.000000
0.302326
0.240000
0.181818
0.421053
0.045455
0.100000
0.375000
0.375000
0.322581
0.181818
0.222222
0.695652
0.230769
0.272727
0.428571
0.840000
0.228571
0.375000
0.275862
0.269231
0.307692
0.687500
0.960000
0.586207
0.571429
0.037037
0.155556
0.800000
0.615385
0.391304
0.807692
0.208333
0.280000
0.400000
0.904762
0.888889
0.548387
0.347826
0.531250
0.384615
0.233333
0.259259
0.068966
0.142857
0.147059
0.433333
0.826087
0.500000
0.370370
0.222222
