1.000000
0.931034
0.942857
1.000000
0.780488
0.352941
0.928571
0.676471
1.000000
1.000000
0.652174
0.911765
1.000000
1.000000
0.969697
1.000000
1.000000
1.000000
1.000000
1.000000
1.000000
1.000000
1.000000
1.000000
0.666667
0.363636
1.000000
0.720000
1.000000
1.000000
0.681818
1.000000
1.000000
1.000000
1.000000
0.666667
0.468750
1.000000
1.000000
1.000000
1.000000
1.000000
1.000000
0.931034
1.000000
0.807692
0.916667
1.000000
1.000000
1.000000
0.281250
1.000000
1.000000
0.760870
1.000000
1.000000
0.958333
0.920000
0.931034
1.000000
1.000000
1.000000
0.923077
1.000000
1.000000
1.000000
1.000000
0.769231
1.000000
1.000000
0.878788
0.562500
1.000000
1.000000
0.947368
1.000000
1.000000
1.000000
1.000000
1.000000
0.700000
0.903226
1.000000
0.740741
0.826087
0.833333
1.000000
1.000000
1.000000
1.000000
1.000000
0.458333
1.000000
1.000000
1.000000
1.000000
1.000000
0.653846
0.958333
1.000000
