1.000000
0.888889
1.000000
1.000000
1.000000
0.216216
1.000000
0.952381
0.700000
0.750000
0.478261
0.583333
0.709677
1.000000
0.205128
0.680000
0.769231
0.379310
0.564103
1.000000
0.866667
1.000000
0.655172
1.000000
0.821429
1.000000
0.900000
0.777778
1.000000
1.000000
1.000000
0.400000
1.000000
0.870968
0.333333
1.000000
1.000000
1.000000
0.386364
0.580645
0.781250
0.818182
0.975000
0.958333
0.629630
1.000000
0.709677
0.700000
0.800000
0.578947
0.444444
1.000000
0.806452
1.000000
1.000000
1.000000
0.625000
0.772727
0.625000
0.894737
0.580000
1.000000
0.800000
0.833333
0.848485
1.000000
0.593750
0.739130
1.000000
0.913043
0.750000
1.000000
1.000000
0.703704
0.323529
1.000000
0.833333
1.000000
0.892857
1.000000
0.413793
1.000000
1.000000
0.833333
0.962963
1.000000
0.760000
0.645161
1.000000
0.714286
0.357143
0.766667
0.482759
0.275862
0.600000
0.608696
1.000000
1.000000
1.000000
0.678571
