0.714286
0.093750
0.700000
0.838710
0.800000
0.781250
0.705882
0.541667
0.354167
0.444444
0.657143
0.764706
0.625000
0.217391
0.538462
0.565217
0.678571
0.419355
0.892857
0.400000
0.250000
0.333333
0.705882
0.178571
0.692308
0.576923
0.461538
1.000000
0.586207
0.464286
0.352941
0.218750
0.758621
1.000000
0.235294
0.434783
0.268293
0.432432
0.217391
0.108108
0.666667
0.846154
0.411765
0.111111
0.764706
0.944444
0.275862
0.351351
0.548387
0.185185
0.060606
0.186047
0.500000
0.272727
0.833333
0.590909
0.633333
0.340426
0.833333
0.840000
0.461538
0.583333
0.526316
0.448276
0.076923
0.102564
0.280000
0.592593
0.414634
0.956522
0.681818
0.607143
0.289474
0.739130
0.555556
0.526316
0.818182
0.371429
0.235294
0.758621
0.342105
0.464286
0.391304
0.777778
0.655172
0.846154
0.761905
0.148148
1.000000
1.000000
0.677419
0.772727
0.555556
0.366667
0.439024
0.187500
0.769231
0.923077
0.216216
1.000000
