0.323529
0.115385
0.279070
0.468750
0.142857
0.500000
0.739130
0.212121
0.178571
0.758621
0.230769
0.555556
0.758621
0.088235
0.222222
0.185185
0.434783
0.696970
0.393939
0.740741
0.255814
0.444444
0.269231
0.081633
0.340000
0.228571
0.483871
0.285714
0.333333
0.545455
0.269231
0.625000
0.523810
0.571429
0.272727
0.155556
0.600000
0.333333
0.142857
0.761905
0.371429
0.739130
0.500000
0.157895
0.136364
0.151515
0.884615
0.468750
0.037037
0.240000
0.045455
0.342105
0.750000
0.777778
0.166667
0.170213
0.238095
0.103448
0.333333
0.842105
0.516129
0.821429
0.250000
0.162162
0.250000
0.655172
0.851852
0.681818
0.161290
0.081633
0.920000
0.360000
0.260870
0.413793
0.608696
0.571429
0.500000
0.148148
0.428571
0.142857
0.291667
0.190476
0.047619
0.285714
0.307692
0.080000
0.240000
0.261905
0.583333
0.458333
0.183673
0.129032
0.958333
0.733333
0.233333
0.575758
0.200000
0.680000
0.240000
0.295455
