32.56692959849039 55.79999999999994
5084.129582449222 0.12
2304.8454724426274 0.113
1153.5494724426271 0.24
46.583949666341155 55.349999999999945
121.61133747296456 16.296000000000003
2274.894642402845 0.226
54.44344792605669 44.48499999999998
103.20015547297554 17.871
156.55093902411826 13.596
70.12472698250797 34.06899999999999
146.12934518941248 12.921000000000001
1048.6665842285158 0.789
361.24475708770746 0.9
106.69641678228136 16.971
1080.4865842285162 0.45
61.57911408429269 42.47599999999998
76.23476341384497 35.516999999999975
99.08333747296457 25.18299999999999
258.36658422851565 5.239000000000002
230.20440069834396 5.563000000000003
99.08333747296457 31.25699999999998
61.706763413844975 35.08199999999999
291.0806766026815 4.420000000000001
160.08719385606815 13.596
275.9965842285157 4.7730000000000015
181.87733774566655 8.165000000000004
192.44658422851563 6.7180000000000035
219.49400993601483 6.028000000000003
177.42400441233318 8.390000000000002
141.67601185607913 13.145999999999999
5083.069006251914 0.12
131.76094665273033 14.368000000000006
80.59963973470836 31.931999999999977
55.948451175200645 43.135999999999974
83.96916648219182 29.11999999999999
130.62094665273034 14.818000000000003
85.64991306480995 25.744999999999987
307.68734326934805 3.858
162.94400993601482 9.306000000000003
92.66324639814329 24.844999999999988
162.94400993601482 9.306000000000003
350.2173432693481 1.59
310.70658422851557 3.7430000000000008
198.63440069834394 6.2530000000000046
1048.9847570877075 0.789
112.8176259028117 24.83
330.9410466995238 3.278
80.59963973470836 31.931999999999977
321.90749162351165 3.0690000000000004
74.20567919628438 39.08699999999998
341.6514374618529 2.588
65.83568436686198 49.40399999999996
350.3206766026814 1.239
341.6514374618529 2.588
150.02097555659367 22.90199999999999
91.18657142189222 26.757999999999992
84.31983415515607 35.74199999999998
85.64991306480995 25.744999999999987
360.9277340316772 0.9
195.06106736501062 6.478000000000004
130.62094665273034 14.818000000000003
162.94400993601482 9.306000000000003
360.9277340316772 0.9