1491.7860597335814 9.225000000000001
16212.749653333332 1.125
5793.244233333332 1.8
12611.751146666671 1.5750000000000002
14126.275946666668 1.35
16212.749653333334 1.125
5793.244233333331 1.8
4132.7629 2.025
12611.751146666671 1.5750000000000002
14126.275946666668 1.35
3007.5037419718433 3.1500000000000004
3318.807188078176 2.475
3480.792741971843 2.25
4132.762900000001 2.025
2568.2440419718437 4.7250000000000005
2726.937579439667 4.05
1659.2792825439449 7.200000000000001
1882.939717607625 6.750000000000001
1539.0850490951536 8.100000000000001
1658.3737825439448 7.425000000000001
2164.4562059631353 5.625
2421.8178333333344 5.4
2726.937579439667 4.05
2973.8678049394034 3.825
3318.807188078176 2.475
3480.792741971844 2.25
2004.3755333333336 6.300000000000001
2163.058905963135 6.075
1491.7860597335814 9.225000000000001
1522.8504423467 8.325000000000001
1882.939717607625 6.750000000000001
2003.4700333333335 6.525
2449.15000863851 5.175
2545.2638086590737 4.95
2975.265104939404 3.375
3007.5037419718433 3.1500000000000004
2449.15000863851 5.175
2421.817833333334 5.4
2545.2638086590737 4.95
2568.2440419718437 4.7250000000000005
1522.8504423467 8.325000000000001
1539.0850490951536 8.100000000000001
2973.8678049394034 3.825
2975.265104939404 3.375
2163.058905963135 6.075
2164.4562059631353 5.625
1658.3737825439448 7.425000000000001
1659.2792825439449 7.200000000000001
2003.4700333333335 6.525
2004.3755333333336 6.300000000000001
1659.2792825439449 7.200000000000001
2004.3755333333336 6.300000000000001
2004.3755333333336 6.300000000000001
2164.4562059631353 5.625
2545.2638086590737 4.95
2568.2440419718437 4.7250000000000005
2975.265104939404 3.375
4132.7629 2.025
5793.244233333332 1.8