0.0 1.0 0.3596191662794535 0.30210935661083854
1.0 0.0 0.32054902024115534 0.0
0.19865474084514742 0.01686422413793105 0.2887154668094641 0.7613916215587959
0.1879953428304576 0.02104885057471266 0.2561051829162246 0.8639868508226625
0.006928750540544396 0.705729166666667 0.4330821237752905 0.44864537745403416
0.019484482614136017 0.5321120689655175 0.2562062913163405 0.8774294235845445
0.01093997067317736 0.5524604885057475 0.19766579239166499 0.445861401583568
0.006042349223271266 0.8506285919540232 0.43720803531226204 0.6237945199026228
0.025030343637039255 0.36858836206896584 0.01825107790771186 0.6955300981053764
8.735324590313155E-4 0.9595905172413794 0.38718312711382974 0.3188759198929501
0.0022228929393628004 0.864762931034483 0.4451537093895737 0.49938809511904386
0.04553465126112702 0.10389727011494265 0.036583966536295955 0.6076257044995798
0.04255308697036954 0.10592672413793117 0.0 0.5890274772344568
0.03549100529838637 0.23523706896551755 0.010278310328400684 0.708914812351084
0.048148339949587414 0.05743534482758627 0.10923252543364732 0.5871707981152317
0.014216367729056675 0.5645653735632187 0.12336099186034212 0.6141834558420025
0.9999994373429217 0.0 0.32054863551665375 0.0
0.03625191472508807 0.19078663793103473 0.014325050318606732 0.6609628823237749
0.006863723185213075 0.7015445402298852 0.43100897562080626 0.49540613900815766
0.9526361443713813 0.008369252873563226 0.32026350705221235 0.5808414578418462
0.05323283389992046 0.04127155172413798 0.24059256744204058 0.625406766776177
0.9702948899217324 0.006339798850574719 0.3203289039260788 0.4686664428199142
0.9805659063943801 0.004310344827586211 0.320462185813339 0.3531904003110697
0.040442250427179534 0.15441810344827606 1.4526147497946835E-6 0.6567406329840857
0.03276964677234212 0.2675646551724142 7.196354147616152E-5 0.7275645185780987
0.026502451492893785 0.30797413793103484 0.0257844567423795 0.6559942963291167
0.028587876323766744 0.30594468390804636 0.14359922389694987 0.6919500060135122
0.06504625142522409 0.014008620689655187 0.3225887847938904 0.0
0.9898638400470965 0.016163793103448294 0.3204723637941476 0.23828278431886796
0.04952488172510912 0.05743534482758627 0.13731890532125252 0.6314218409621547
0.019502281236549474 0.45344827586206926 0.006383590145422698 0.6816150375951162
0.041340405779061146 0.15441810344827606 0.007671399893581119 0.6567406329840857
0.03365522638056367 0.2675646551724142 0.03210560458919149 0.7275645185780987
0.8703416341976041 0.01686422413793105 0.30700439861948675 1.0
0.021609987099932185 0.43728448275862103 0.006383590145422251 0.7223517085857448
0.02249361547706371 0.37465876436781637 0.3315961883050346 0.5999454259232735
0.9396307708315135 0.010524425287356332 0.3202351544797958 0.692495035360642
0.06294712420186141 0.020348419540229905 0.32341326852337143 0.3740571570122739
0.8879726073081845 0.014709051724137945 0.3072353151072059 0.8987248782221595
0.0031092942566359276 0.836619971264368 0.46820114937751595 0.4570233276962378
0.0385351527611883 0.17058189655172437 0.19834506120207912 0.6185688175756942
0.9198804900976164 0.012553879310344839 0.3159743115401179 0.7998299412515726
0.8955093889656007 0.014709051724137945 0.31166243669590515 0.902405491453922
0.010975493006608293 0.5665948275862072 0.1959318968488185 0.45503823307493435
0.0 1.0 0.3596191662794535 0.30210935661083854
0.020387860844771014 0.45344827586206926 0.026570991759598508 0.6816150375951162
0.039182388004115706 0.20290948275862097 0.0075637843053968585 0.7151291035752558
0.02249361547706371 0.37465876436781637 0.3315961883050346 0.5999454259232735
0.029971521537916598 0.2918103448275865 0.018275757796832045 0.7174595968116818
0.03764957315296677 0.17058189655172437 0.1724594442666755 0.6185688175756942
0.9077228880420812 0.012679597701149438 0.31178341637347756 0.7947647541732358
0.980426726499096 0.004310344827586211 0.3204619463666269 0.353167242277499
0.021609987099932185 0.43728448275862103 0.0063835901454224004 0.7223517085857446
0.029227316478436537 0.27564655172413827 0.0257856692045797 0.6683012470113869
0.05985786466539293 0.02453304597701152 0.28192827270021875 0.4377961772745363
0.054446747312453275 0.03290229885057475 0.17695453553534402 0.5217419026411863
0.022982726439240986 0.4352550287356325 0.031176488318631148 0.7811374114649434
0.9272961615429857 0.010524425287356332 0.31604939464014215 0.6873860543034491
0.05775873744203024 0.028717672413793135 0.24496077146105907 0.5149339974084098
0.058481322889871235 0.02453304597701152 0.19339723500034195 0.39795044397283424
0.19645227400431267 0.02090517241379312 0.2887154668094641 0.8568906979889308
0.013470100945620109 0.5665948275862072 0.04438813994660925 0.5904958524762389
0.026502451492893785 0.30797413793103484 0.02578445674237935 0.6559942963291167
0.05653331420105954 0.030872844827586243 0.2515899706808001 0.5251445393606448
0.05584306362714021 0.030872844827586243 0.2122959570290631 0.5027898692364124
0.055120478179299236 0.03290229885057475 0.21495993443267006 0.5438282926486636
0.9077228880420812 0.012679597701149438 0.31178341637347756 0.7947647541732358
0.01418084539562574 0.5645653735632187 0.12241217016621939 0.6141834558420025
0.1947125499452181 0.019019396551724153 0.28992491257240044 0.8221358858548279
0.014216367729056675 0.5645653735632187 0.12336099186034243 0.6141834558420025
0.026502451492893785 0.30797413793103484 0.0257844567423795 0.6559942963291167
0.026502451492893785 0.30797413793103484 0.0257844567423795 0.6559942963291167
0.033655057583440166 0.2675646551724142 0.032104243943505785 0.7275645185780987
0.03764957315296677 0.17058189655172437 0.1724594442666755 0.618568817575694
0.04132766123827759 0.15441810344827606 0.007563388761987038 0.6567406329840857
0.8606393506524607 0.01686422413793105 0.3027318521155663 0.9944727794885418
0.9272967242000638 0.010524425287356332 0.3160498004809125 0.6873860543034491
