0.64300317184687
0.6521427219209962
0.678608355016872
0.6797673580247016
0.6739063880943776
0.6740527783464269
0.6740671865537095
0.6755311415510251
0.6791882398096682
0.678539795971151
0.677437413278681
0.6773115834784161
0.699333900329484
0.7054303919983566
0.6841245684475256
0.6842687484525467
0.7036961238611483
0.7041904632631475
0.7033491748419889
0.7033846523940249
0.7269827130366046
0.7277153737942071
0.7336885567369213
0.7251619019469303
0.7253762459955024
0.6893015052004634
0.6882908545101173
0.6865706641132895
0.6884605994907959
0.6860363143377098
0.7382469070189004
0.7381460816877019
0.7426741795242929
0.7425349381168068
0.7431843090348043
0.7569427360865901
0.7429355066397575
0.743514023182851
0.7380038257195172
0.7376560680287227
0.7384921595395468
0.7382836327042508
0.7495120588732475
0.7374850212055277
0.7371298067844062
0.73550450626198
0.7334500384109088
0.733508588689091
0.7335121527527435
0.7333262122952379
0.7332913839744772
0.7342694114889684
0.7338245033045844
0.7340713636462014
0.7347348367292401
0.7402823291818418
0.7355430732528653
0.7352803541969642
0.7351735766332164
0.735515224392308
0.7346355919208085
0.7350039748315776
0.7363959574358384
0.7364406415889904
0.7370338921476777
0.7479141577824692
0.7478967658094734
0.7483951564700456
0.7483425547195847
0.7492265162020307
0.7492008024411153
0.7527267696810949
0.7526332673620235
0.7634728130492666
0.7634565672442974
0.75121179804108
0.7518079670326385
0.7516598772481263
0.7539219845471032
0.7601285931384937
0.7605794249062715
0.7384139035027175
0.7400307994617239
0.7388182345404753
0.738779656243089
0.7375022643448591
0.737347791020083
0.7356488405248849
0.7369074353097779
0.7369441864718296
0.748069419378832
0.7371463331424638
0.7413669844274642
0.7418790256341217
0.7419319930954085
0.7412898297539301
0.741437486498427
0.7414728908838624
0.7421971938975354
0.7450388076920116
0.7411187304168912
0.7432706366531913
0.7469025195213418
0.7423497142670823
0.7421709552522402
0.7435483060976134
0.7489767219844907
0.7509136310645501
0.7420258641088578
0.7393758338915629
0.756762937702651
0.7640268273776452
0.7541622640887037
0.7628177424633029
0.7610725609043508
0.7620186378685286
0.7604221024500677
0.7699508412495187
0.7720338408183041
0.77268467480259
0.7743144664959805
0.7720913121683131
0.7724012882572291
0.7725286056459393
0.7726640269505644
0.7715794466875404
0.7718503926273713
0.7736845216042012
0.7858236540231107
0.8112246388061236
0.7846102015874823
0.7839037157778568
0.7840605786162026
0.7541656223402141
0.7602360639790784
0.7592857632878905
0.7588260369247671
0.7570407539220059
0.7566051273296632
0.7603039296525217
0.7728857040504947
0.772198413531182
0.7718584262240221
0.7711141624860041
0.8006891613023436
0.8009015381066513
0.8012757736257083
0.8014138136122674
0.8292056081720449
0.806463115322059
0.806588514091659
0.8691128668866095
0.8074394655343432
0.8077518169459577
0.8073859643472112
0.8073283642601694
0.8073371516159782
0.8315467063461042
0.8239884203284886
0.7915619431343904
0.7911720324984316
0.7912618955274529
0.7912014783419098
0.8072015125016301
0.790992133340456
0.7909926996335132
0.7907075065108666
0.7908227867416294
0.7933195391621336
0.7930582648399745
0.7925607163036427
0.7923305722590522
0.7929791534895696
0.7927609129427549
0.7928699022399377
0.7929108402339575
0.7925810381164772
0.7961719913154991
0.7961644004006967
0.7960087794292922
0.7921885864099866
0.7917039958685708
0.7913547118810835
0.8003927601670129
0.8005521260839249
0.7874320654607067
0.7862690892772428
0.7865817154127405
0.7874481629472835
0.7899724431271519
0.786194146554847
0.8037855148336012
0.8346807467696451
0.8164861753059187
0.8237696670293583
0.8216243366704251
0.8211630066447184
0.8214745874455248
0.8210657832154803
0.8210255323638099
0.8214087469525775
0.8325838063442998
0.8334856583793252
0.8385862885176295
0.8358515494687075
0.8059534768000649
0.806067836567459
0.8067776417025292
0.8069252649741278
0.8069723758324685
0.816928591557036
0.8143219136591984
0.814314672288343
0.7907711611080415
0.7912402691587819
0.8078479538525987
0.8081425972141331
0.8204199284259951
0.8246899068358813
0.8276800644094356
0.8492490609524392
0.8358519519800987
0.8357049344675466
0.8354217132230837
0.8152262280731124
0.8150505975322977
0.8148237413523263
0.8149157582965936
0.8384632409203606
0.8760869877788757
0.8073081436976142
0.8133359011593694
0.8134384512058358
0.8150649207110813
0.8574655539539041
0.807336828848797
0.810920421587763
0.7995598506451442
0.791107501158457
0.8029325565668761
0.8227097543140096
0.8234928577669529
0.8558600876173063
0.8560897485942381
0.8453922927701183
0.8454132601985086
0.8451918512049901
0.8452176424346138
0.8167129225499089
0.8307954471479249
0.8438491299100627
0.8227118749062144
0.824676972427938
0.8283384223725082
0.8187103443222785
0.8113129888078261
0.8113630047223735
0.8026323614069717
0.7961619501457221
0.7634089858527454
0.7804926405518758
0.7797002461117182
0.7490666626948733
0.7470467816092142
0.753120897278477
0.7468000782326001
0.7790449227814091
0.8234636187074227
0.8279792584330743
0.8521399562358885
0.8147303568008697
0.8399818871235522
0.8669087598999603
0.8340888172633445
0.8825329725391583
0.8449785625953904
0.8444326769002107
0.8444138468263458
0.7966417569043971
0.6931629087805855
0.6926227744511597
0.6999221285188786
0.738775493955217
0.7068659578273679
0.7687225769474495
0.7502627181176904
0.7824724188898122
0.7984382701570995
0.7930221852238468
0.8019124755682564
0.7898451606887263
0.7814433817755758
0.7812659460113699
0.7743404898986681
0.7746494473180803
0.7787293307368341
0.7741008725603323
0.8228378485714181
0.8472223109312511
0.8465720112581584
0.846092996722851
0.8452279117776015
0.8452571910482772
0.8464790407486251
0.8581142767192299
0.8573654500112714
0.8463405785167015
0.8501321538341814
0.8505294070174755
0.8507982354691701
0.8500865379062432
0.8546311908617177
0.8503383748665508
0.8502665240976794
0.8501334084832897
0.8498547491805355
0.8523694167297037
0.8526651580749277
0.847285417979912
0.8498122005822975
0.7934422196562663
0.7931336748343636
0.7943245093493327
0.7940935707477683
0.793787564285022
0.8184021991213776
0.8185754072145226
0.8189587637507699
0.8215931007154212
0.818491704829559
0.8184204234049096
0.8311852672673995
0.8305863000962345
0.8275547120472769
0.8275135573850494
0.8084434649094654
0.7972444447244179
0.7937492152166609
0.8172342619096918
0.8294162516097752
0.8274377924056184
0.8756181894173831
0.8702154055094561
0.8534122506973653
0.8605801613054921
0.784062531171661
0.7659714520347458
0.7662864612021436
0.7678158404671491
0.7670658574973946
0.7674756677395848
0.7968240808508584
0.718859762278102
0.7185454439832505
0.7918058119933816
0.7234064842438902
0.7073440657499013
0.7037195694008112
0.7029266641990364
0.7530891233216113
0.7716174611325652
0.7680516183131603
0.7697976504099723
0.6907436007161026
0.7043628397771372
0.705169985392339
0.7049845732468676
0.7044452419227345
0.7046981229008724
0.7042437068588655
0.724831912830085
0.7810057454776402
0.7250761110097662
0.7221254309540869
0.7813237374388087
0.7814672584282811
0.7010643581528879
0.7193960446334573
0.6848724298204606
0.6802214964677638
0.6791635736259892
0.6885408920478377
0.6835654017909195
0.7154432449954549
0.7197000927873665
0.7689035620750275
0.7592597757828559
0.7684105253409084
0.8061100937494067
0.7429798109216456
0.7298633678242937
0.6929943431032556
0.6991834707799183
0.7271653319596818
0.7862699411349884
0.7491992041305964
0.7274010969507813
0.7240741886124612
0.7145911963613024
0.6843335840385535
0.6926061622856977
0.682667867607082
0.7162450208050499
0.6895972533064514
0.6869158511723769
0.683991560244385
0.6861486940556949
0.6838792754518952
0.7192153010708022
0.7198300926234856
0.7022189619713819
0.6803032227194009
0.6806190199550705
0.6986955703006823
0.6807175859129504
0.710256606513656
0.7587077649017799
0.7695027438646465
0.735868443461151
0.7237142079917911
0.7766809950707483
0.7324671254597899
0.7351735481496351
0.7508001258675175
0.7327095844029189
0.7345370436776846
0.7220951594563987
0.7152237116956848
0.725899143060642
0.7587100369759117
0.7432144757643615
0.750135251649327
0.756098593344272
0.7457893839732169
0.7439790161940376
0.750500471696209
0.7773827505654771
0.7525058965825943
0.7526830245249231
0.7565623664891513
0.7484001225269095
0.7301176120242578
0.7459347820381595
0.730590651834506
0.732629813059577
0.7416254600871415
0.7391864096141741
0.7362533997815973
0.6727482095644925
0.6811547678665086
0.6747634150365284
0.6749787808282705
0.6744318137032372
0.6749624591930437
0.6743123515308201
0.6741297957241305
0.6741682110203371
0.679533735144476
0.6800079374726058
0.6808676866405029
0.7033276417262339
0.6994072260456456
0.7037490309318104
0.701714343211947
0.6997526131768168
0.7003670593107338
0.7449767967187667
0.7104493805500353
0.7163491929381897
0.7060748708519738
0.7068342245908555
0.7081264791942048
0.736618244098517
0.7375455468078355
0.7165993347112019
0.7201329415005954
0.7049388664937021
0.70956557336715
0.6986775690331728
0.6848593814314854
0.7030897346302355
0.7023508337894518
0.701790005931689
0.7088552033668473
0.7052911140984502
0.7205794739055357
0.7084406823735471
0.6921182835861454
0.6928694368090748
0.7002192565766125
0.7000546795393149
0.6944416714935654
0.7080652888767387
0.735193072319998
0.7198219328250259
0.7028797094899741
0.6912434767972274
0.6911260254461272
0.717643237138485
0.7232619673349671
0.7230030922023495
0.7261959668853999
0.726909224734696
0.7226124742692325
0.7237742531093142
0.7248160769493475
0.7249479658156158
0.703699896302466
0.6897041623441168
0.7062177198987393
0.7075027031222426
0.7047800008199717
0.7004595113497107
0.7021185902701225
0.7019802463284639
0.7020899088498176
0.7021716671194609
0.707062297554813
0.6824104193668151
0.6874934214089762
0.6981750211829172
0.7032994491635757
0.6975622417568849
0.6793030669362646
0.6799202367843159
0.7450231221752432
0.6953128379747948
0.6953833870166382
0.7090328627859528
0.7091086831462536
0.6655598129582354
0.6502181948901682
0.7357188623061729
0.737761946719293
0.755133499522402
0.6959178194974397
0.7044410665397791
0.6883915746840927
0.6879751005444096
0.687171593211692
0.6870403505234932
0.6618379916247225
0.6901968120873049
0.7040552774779214
0.7044451163374214
0.6983711044768178
0.7043352841896393
0.6999124351509811
0.6950243942575771
0.7331659008216662
0.6871623653543996
0.6871146117310646
0.679953814731259
0.6799073110034676
0.6842369118045771
0.66650293853472
0.6642265905721867
0.7455264829346425
0.6877640754057168
0.6868841823812278
0.6907062857112504
0.6918366292273402
0.6691881219587595
0.6802751716838938
0.6592123694148704
0.6504580775330513
0.7114732349887359
0.6681977370082689
0.6727865563263599
0.6778424949783758
0.6832449374708814
0.6807731983765124
0.7591141285850591
0.6809974556054258
0.7384096720577584
0.7371094809262734
0.7462638418353505
0.7582426983559224
0.7228295561899238
0.7034457902695737
0.7631204337858579
0.769811880452458
0.7034201672410432
0.710455912037138
0.7005965604668889
0.7013417242145638
0.6938142111129286
0.6939692472476775
0.6931125661523075
0.6963743368807167
0.697542878267299
0.7021141307081915
0.6999359780618797
0.7069236520629686
0.699252985140626
0.7005370459794693
0.7058790424372918
0.7136629325114386
0.7077367835237681
0.7123763229167642
0.7309392255968876
0.7318829181921467
0.7094442549164323
0.7080640380139422
0.7090239458555679
0.7101794771534594
0.7086274006480247
0.7068208576359613
0.7143558638237295
0.7147206301961774
0.714951709955291
0.758651381355326
0.760215063084559
0.7607497369299707
0.7617519555707604
0.7643661738283689
0.7648474313718361
0.7646749230501976
0.7571665495681741
0.7555330974400419
0.7616627768143033
0.7618211017858101
0.7615835083556624
0.7583176917997629
0.7526233535625306
0.7525525257577286
0.7580698419363563
0.758471949372696
0.7691140007903139
0.7583561914598885
0.7714922449429257
0.752619594607777
0.7409201791016963
0.7499014081930686
0.7443314828616179
0.7610775654643678
0.759930060741068
0.7813659196168198
0.7599490899446895
0.7606222368841118
0.7589455915002354
0.753805486133829
0.7540796317789414
0.7589559661312226
0.7382122368179989
0.7317625736235223
0.7317804908965184
0.7159609416456428
0.7208044280051412
0.7225297413504591
0.7225191629725423
0.7415448589231053
0.7437792605104363
0.7424757148217598
0.742326500880888
0.7716669916841801
0.7382937983526541
0.7387760182921748
0.7357664213585764
0.7363967788028486
0.732325566447357
0.7541099187311865
0.73995635920186
0.7399574490639723
0.7436915938215273
0.7418067837702489
0.7363211537907299
0.7397604246340188
0.7401827752989111
0.7423662569201902
0.7420598504505673
0.7469589710631235
0.7486396992961064
0.7463730973954927
0.7533952183206628
0.7526636010134754
0.7529037910479596
0.752711398679908
0.7524419201614242
0.7547391563209511
0.7511310580035997
0.7438561806322365
0.7299505871339864
0.7292927613276556
0.7290111438776514
0.7209401906424665
0.7713196093264139
0.7294940887199381
0.7187015486384921
0.7299002922741191
0.7491886524874461
0.7497434466969315
0.7500952388562362
0.7494631728370424
0.7499759197113363
0.7574542305109949
0.7601391991131536
0.7444796295869551
0.7424542558939348
0.7221997700387278
0.7248594684917927
0.7130067998953387
0.7287042525584252
0.7316611425141737
0.7500001515762102
0.7520317024102402
0.7522247710571087
0.7516499808288024
0.7519073159639704
0.7547384794791165
0.7549507594479888
0.7571748049985425
0.7571692580027856
0.7539813094009694
0.7609918942886831
0.761042304676551
0.7600419250818787
0.7599436811734509
0.7598524175506742
0.7654608294111743
0.7606769604489608
0.7639002263850141
0.7630362449553034
0.8050618353677266
0.8040786929051716
0.7722359352533176
0.7604452564857578
0.7517328687130718
0.7530233155152536
0.738668115873742
0.7395555066096398
0.7384666867612835
0.735674083574347
0.7480246361708445
0.7346932911939027
0.7328463207647933
0.7348838807994085
0.7468465687751518
0.7493649917501821
0.7540912286615628
0.7518993652865101
0.753021144601298
0.7560682416365205
0.7560442495516575
0.7555170491004471
0.7593836778085687
0.7595966008064066
0.7376754373889702
0.7384109675795688
0.7409472647378108
0.7346672958599608
0.7346791180337506
0.7339658658148706
0.7465450835065687
0.7483700250967357
0.7423926858524029
0.7412901497445465
0.7451205774864678
0.7578351078356408
0.7581479599120956
0.7566601368040013
0.7553679340843181
0.7536004503219808
0.760400595977663
0.7601336488990759
0.7603707766123325
0.768819923197624
0.7650243981026633
0.7608741803864876
0.7606565685215096
0.7563733898524673
0.8018080108600872
0.7993313876314128
0.8022334370628773
0.8011625768784305
0.8017755570783486
0.8016570027334047
0.8037550593197187
0.7633067143919033
0.7567321808083305
0.7571158422499328
0.7664332578963794
0.7648157512333775
0.764759296390964
0.7658345695365508
0.7650919815094009
0.7622836078490262
0.7633288223574713
0.7614185298259677
0.7612284558679872
0.7641600705763479
0.7615684939006931
0.7623791001677475
0.7657719382271372
0.7913481125000766
0.7919358133661789
0.7916023674420252
0.763780600121354
0.7638509429784239
0.7650235589073426
0.7652644687271251
0.7650314930230175
0.7660642465531071
0.76616074708429
0.7659149139734094
0.7658238769684648
0.764368420006466
0.764522171042631
0.7639826419101743
0.7639072512889366
0.7711019531396598
0.7949943873506521
0.7678619174956348
0.7674986245029382
0.7669680174368299
0.76741014853997
0.7633712205137136
0.7628952077956953
0.7625501647615381
0.7328149414298799
0.731357948571175
0.7298166413140168
0.7255511633338514
0.7284059805671033
0.7257367262264895
0.7148770088996661
0.7130492867415434
0.7136728177723051
0.7290249967059479
0.7297400386130428
0.7292500297290178
0.73270957151278
0.7312397311235392
0.7310995229636336
0.7583848898482903
0.7579859271546248
0.7422214233915699
0.7315893272862902
0.7303850919306107
0.7613753079035892
0.7614230892230807
0.757865139874007
0.7539803451292655
0.7539053678593877
0.7539831223940779
0.7398656347172402
0.7401716774897369
0.7433295790832752
0.7408614859137328
0.7406925792729935
0.7395295706718539
0.7198999188197931
0.7195832975367712
0.7355910392162375
0.7360077115203414
0.7606682498685389
0.7609057444319284
0.7480759472481808
0.7457989137559734
0.7506358963757563
0.7424251958499375
0.7347603755514635
0.7362744276398018
0.7405554716671383
0.7423045177611202
0.7441010500702061
0.7534260407228023
0.7559560347791576
0.7528629679810942
0.752482628626749
0.7296877405227533
0.7294259287724962
0.7291513522262674
0.741608187175095
0.765951129945341
0.7371071145642192
0.7281297420308421
0.7282084775169982
0.7429858895904398
0.7429766848471537
0.7425244350864022
0.7428164746576836
0.7454141044327042
0.7460346211489421
0.7460330649354101
0.7426249598765013
0.7510671212858806
0.7510674015950053
0.7509612517989198
0.7517646335584994
0.7532126842531529
0.7487163698743244
0.7486355234350742
0.7486514320005107
0.7628240923707367
0.7627074415198776
0.7488763442391163
0.749157131635645
0.74956476861012
0.7499016035380847
0.75038982402568
0.7501930403031076
0.7498969038149209
0.7457612063777392
0.744566267893675
0.7447396056271027
0.7440553764655056
0.7372626904375162
0.7347026941129668
0.7403639051826151
0.7307079787095141
0.7303474922367134
0.7341392590818765
0.7395882346261521
0.7388516597738164
0.739155232984596
0.739291379061634
0.738540965464248
0.7387146657987079
0.7418593957883564
0.741669763889123
0.7392562279103327
0.7402999328203057
0.7420141415254827
0.7402869576145695
0.7434257082459977
0.7352048530860872
0.734896045031206
0.7350706764276006
0.746155596332201
0.7449660416205763
0.7391461764737935
0.7380450072899257
0.7380557787329476
0.7401977809580494
0.7178404280692877
0.7183165192529739
0.7455918568519448
0.7493277410692806
0.7492164941185958
0.7511388068469436
0.7507939182565077
0.7406909475022142
0.7441533698323547
0.7439550077603844
0.7304890684572223
0.7266606640399755
0.7347546657581636
0.7353813579272773
0.7321150787011278
0.7323875710514959
0.7326730812135469
0.7284741059456185
0.7575392438865218
0.71633343452206
0.7269142647923225
0.7271317714773001
0.727118378947466
0.7313005948230115
0.7198288055514536
0.7282627625793991
0.7264444447027246
0.7267167475889522
0.7227112322758249
0.7235495641542244
0.7224166130178639
0.7483323859146397
0.7197729414322366
0.7307036814166328
0.7309975211026257
0.7117829506708605
0.7159327032045658
0.7175507903485335
0.7214250644451028
0.7375068036145751
0.7155843517236723
0.7207615703500934
0.7111408709614281
0.7214337934650371
0.7175221217155052
0.7262111935449311
0.727834300716941
0.7262177201352092
0.7353370896813649
0.7875136083222977
0.7315373378679811
0.7826168407040999
0.7347466125661052
0.7348530372386648
0.7317187144201658
0.7344874534510116
0.7353765715556971
0.7347837685658543
0.7376505779544504
0.7357861737884677
0.7374882378635165
0.7398711866979022
0.7420290153347578
0.724911172398778
0.735594692894185
