0.7497635994674063
0.7733759617339745
0.7747705300517393
0.7605068530574092
0.7670379852119708
0.7953591651161251
0.8091634862453043
0.8359854176041684
0.8362722981676345
0.8368382816171247
0.8366474638939241
0.8370546456107207
0.8296012998305838
0.8165426462211495
0.8190108023584373
0.8254707737160599
0.8245483834392621
0.8247281958985743
0.8250556217380574
0.8287569408821929
0.8285715747207518
0.8275134235530457
0.8218402384671388
0.8212616139988307
0.8204346987653858
0.8201244231079227
0.8213033005957292
0.8221944194579861
0.819863793759543
0.8200526301337355
0.8095509674614704
0.8086240136437984
0.8087937452320213
0.8063545152162824
0.8077803797529024
0.8075970427332259
0.8228830402236648
0.8230374721324488
0.8157233306079519
0.8084347681593911
0.8057716556684436
0.8074626165928676
0.8062378338621004
0.8177253043278212
0.8090297973344762
0.8154447078138695
0.8152132088648806
0.8185311134744054
0.8185888058528688
0.8188811876132747
0.8180395364638083
0.8166003442052638
0.8176547531244034
0.8178251337791173
0.817017100213859
0.8178562699461097
0.8172569441766904
0.8174180502826184
0.8200899136517359
0.8207728577772146
0.8198158368427673
0.8266394346838964
0.8204057988029458
0.8211666116505635
0.8416177577188398
0.8203110230949756
0.8200455133032497
0.817801273054603
0.8151858742104507
0.81453176336178
0.8158660349085208
0.8122400923613715
0.8128938438625601
0.7427749572856883
0.7175176591294782
0.7249623873975014
0.7381939676215241
0.7107314641818523
0.7063428871371011
0.7066060241052718
0.708103748341544
0.7319971508176764
0.7480182625687511
0.7534371030337803
0.7324856096303874
0.7338068733329995
0.7279802589444112
0.729659141555932
0.7388711068502379
0.7390138288039797
0.7385840488692923
0.742549105712967
0.7373215537777857
0.7494914081924026
0.7364795377885874
0.7395793558240675
0.8054670540198098
0.8079265566695486
0.82198372478087
0.832222711849545
0.8283005355602591
0.8333155739488337
0.8328842246732917
0.825240455377841
0.8259834604523715
0.8362768292367703
0.8378199876749831
0.8382598486779739
0.8317722524402902
0.8412798388207239
0.8365868434435418
0.8779361192496925
0.8301163137872863
0.8335572921395565
0.8374011893229777
0.8376912576613412
0.847143315884699
0.8489889359445073
0.8462388793349066
0.8458843667664309
0.8463429466825528
0.8464309947323176
0.8386993671421978
0.8744399454497174
0.850366699266897
0.8509998110185207
0.8509869249994643
0.853827223582648
0.8502799794203534
0.8506831305677037
0.8490756063086593
0.8525920161151962
0.850500434806951
0.8514754605568862
0.8492743013892452
0.8525709472355207
0.8503758659922264
0.850476781289121
0.8499155654293564
0.847429862343657
0.8482821841814535
0.848963603311103
0.850214831245446
0.8488940512218631
0.8493911942593195
0.837074902509191
0.8381721747267951
0.8229239470914199
0.8245084256173347
0.8155991666389498
0.8037041483364076
0.7992999209461004
0.7992784429560948
0.8464095865005221
0.7995654322055539
0.8085126366679461
0.8075687065944576
0.8015481210862254
0.7995775872192395
0.8169007664621466
0.799466782414562
0.8185467046174487
0.8193072549377894
0.8422545874574856
0.8230975175008253
0.8233332001568465
0.8052536459733936
0.8357592637241968
0.7263295901383933
0.7261571847047557
0.7343815960168186
0.7554734805300185
0.7488179450729552
0.7289880305691319
0.7405760502938187
0.7293428917958558
0.72889315320238
0.728660580586852
0.7204518631452468
0.7203255416537855
0.7289674274375832
0.7792030605366278
0.8086719496358613
0.8110255623963286
0.817302825431099
0.8172464740617212
0.821070808620781
0.8231856098070316
0.8206845389897979
0.8200556889032342
0.8243579053654423
0.8147318918732386
0.8281907939708243
0.8167448367214903
0.8372460473213857
0.8271215837899917
0.8274073507603901
0.8264363282305361
0.826357081066604
0.8381991005280719
0.8323782760680553
0.8320281246666102
0.8317890238850968
0.8380066924182795
0.8399882420421447
0.8302731726861822
0.8304784812879217
0.8342474525950201
0.832369850891838
0.8336602893927085
0.8508279562849236
0.8364653766831718
0.8391477863234862
0.828360644585557
0.8285370793120348
0.828110046963063
0.8281631008146642
0.8195477997621021
0.8192185499788831
0.802450325211418
0.816636962564387
0.8163011118085477
0.8163575941681475
0.8120974077892799
0.811578709491685
0.8163600691930543
0.8146237532930816
0.8009199092880321
0.8285039340323037
0.8285754845613384
0.8329951304921014
0.8155962844137361
0.8278077930092197
0.8278840453243502
0.8276289294511832
0.8277045600005715
0.8281082315844582
0.8120952428176198
0.8334624948142931
0.8277894333311132
0.8318977839103232
0.8324965128161882
0.8220417416789791
0.7931519838766886
0.8145105781994574
0.81546106129995
0.7897081832904894
0.7900556954766667
0.8125782424544068
0.8213143502359069
0.8220728851905557
0.8222917691215814
0.822127997765495
0.8224996595980281
0.8227759729137694
0.8230154661832969
0.8226744727303624
0.8264312389204048
0.8260572907922372
0.7910781609996836
0.7854200882818999
0.7710038722131722
0.7769371397032765
0.7769910060800319
0.7777752460175736
0.7774973966881567
0.7819170533856833
0.8236676592030615
0.8237048159850004
0.8237578472966833
0.8407187780573134
0.8270065350649515
0.8436689275984425
0.8405718034614178
0.8364732672827626
0.830043522480395
0.8366635005477326
0.837262183051514
0.8396334568597142
0.83703492607365
0.8368153121757529
0.8427612695743449
0.8572521928527357
0.8410360306718634
0.8422003453608922
0.8422758162606627
0.8462649372156107
0.8412329525423542
0.8455570860008536
0.8410575552363175
0.8437233296587966
0.8403733107855822
0.8411479573087469
0.8452473628466826
0.8648007991827431
0.8624821591331132
0.8633118886041847
0.8618563262461542
0.8504618558854036
0.8543151242081266
0.8512153393666344
0.8512291710076645
0.8505436973803115
0.8573078348439122
0.8636429215139984
0.8539086127199303
0.8538915990923319
0.8501091405486692
0.8504861010722673
0.8111941024001968
0.8205758746001237
0.8008755525822399
0.7975428840702832
0.8036321289007913
0.8038509985949576
0.8028383001726948
0.8074468065228361
0.8075855629736863
0.8162878091126643
0.8242966394694926
0.82259369808707
0.8235743096519136
0.8238627224587637
0.8237368304678894
0.8237222198105024
0.824508733699782
0.8677534249117042
0.873784884124071
0.8736348621254588
0.8612836543777734
0.8471971176987877
0.8469461326018393
0.849266759722996
0.8877464939568154
0.8877506260503794
0.8818240234101175
0.8898378349954199
0.8900239181401862
0.890233638662972
0.8906384278015567
0.8962537103635748
0.896033883864884
0.8984601195756631
0.8989539459750877
0.8988439794198246
0.8956472524331542
0.8938666855687115
0.893374979572862
0.8931054672900645
0.9023148618033608
0.8907881062453082
0.8908077447206153
0.8916676384363843
0.8908526544632716
0.8905901669434059
0.8976672658642164
0.8937512494021992
0.8912208619997504
0.8985860546050769
0.9005232526913003
0.9004232643943971
0.9005839628978382
0.8988373297150473
0.8976859724800667
0.9140574502342672
0.9193776131502818
0.9195989375180004
0.9196054133628919
0.9193822516907383
0.9196278065394269
0.9195778001810002
0.9218046509892559
0.9140830929188861
0.9138523450134185
0.915468791628437
0.9194119893772856
0.9143506982051653
0.9174156921901999
0.917618974475418
0.9174536931570909
0.9218495220197714
0.9216896003127274
0.9213330423495505
0.9206812607196939
0.9199439344929846
0.9227432570910127
0.9197859426794185
0.9223012825749235
0.9219237260192602
0.9091361069510377
0.9091539028303472
0.9090179691347767
0.9061608321283481
0.9085087722783295
0.9064122550075532
0.9119745727477877
0.9054398419993385
0.906227946754481
0.9089762411742826
0.9061485837360831
0.9085473799713362
0.9039904535546665
0.9011404225706257
0.9020702980009118
0.9063746103429385
0.9028780616792305
0.8664135329945771
0.8664162147456749
0.8663637570892846
0.8841085247022229
0.886640496071785
0.886711545728335
0.8980918867304865
0.8825150022620187
0.8824061512215733
0.8610835315878845
0.8609039744060487
0.8606574133668327
0.8827193740535522
0.860717374906481
0.8623310054947968
0.8605836520194587
0.8610365654018917
0.8702559278766345
0.8740615634367428
0.874774930475255
0.8746111269647935
0.8742939498676326
0.8775584250814263
0.8868989893591018
0.8957507498159217
0.8983990685226676
0.8955187449328786
0.895592651811753
0.9000418083127588
0.9013024461138456
0.8927907168211271
0.8929004824907693
0.9010017758307368
0.901226095111315
0.898920524551271
0.9029019153536167
0.8994914589027568
0.899173882631971
0.8892623566220966
0.9015935112919637
0.902383979372269
0.902839147164671
0.892405571498443
0.8923613816005362
0.8920043005098829
0.8921216468032959
0.8914450857069218
0.8918056486528285
0.891664939299117
0.8911234780544403
0.877081762271646
0.877452049108347
0.8771354796367148
0.8896407093286767
0.8619917970625676
0.8741452449061469
0.8843698587165117
0.8846438918386602
0.8906386102903089
0.8796415601371873
0.8807585404684216
0.8931535360675764
0.8931778665738236
0.8928481672111512
0.9002771211425677
0.9003683923935971
0.9007140217780576
0.9008259082987045
0.8886600627169163
0.8936107325415411
0.8948288736787109
0.8930153671143343
0.9119208477351421
0.9153100286711557
0.9154378114440089
0.9126542742402162
0.913074438507873
0.9128503945057637
0.9128766452274221
0.9000806508584532
0.9020102461032429
0.8996746369583327
0.9006164532010176
0.9047225652486753
0.9159961072171589
0.9156564349344736
0.9163658085166628
0.9070925104714157
0.9140475676923127
0.8937755314422415
0.8945070474912529
0.8827310079617077
0.8830377585705201
0.8829805484818464
0.8830623040223693
0.8830810906649296
0.8866180600804193
0.8864361493982201
0.8938395851592615
0.898678069262972
0.9041287368136298
0.9051945308563798
0.8995018268600039
0.9114320731733938
0.9116087362078318
0.9084152074380428
0.907831889360295
0.9072986515080305
0.9128356400436348
0.9126732640976328
0.9072427720866301
0.907607807533785
0.9085873445378635
0.8893242644697364
0.8894385627181394
0.8879573481619139
0.8852715396254783
0.886867648956225
0.8867534006533206
0.8844001832516877
0.8849887907247765
0.8885616061503708
0.8887779646406327
0.8849027296688429
0.8852477989750677
0.8850078476700071
0.8860373707400537
0.8862788577762029
0.8882002121269643
0.8880757375875663
0.8819967516696592
0.8816627276860659
0.8668506100167082
0.8661819157544524
0.8661868316347004
0.8698839874858275
0.8693370432030089
0.8694024923874474
0.8756613244883135
0.8845196824531193
0.8735620892857957
0.8744040420103445
0.8762160030793231
0.873174355536314
0.8813381331641993
0.8847872611399711
0.8848396141389538
0.8847294436780008
0.8762654994829862
0.8761648447012876
0.8762248230255798
0.8778163710603382
0.8776273827582424
0.8798809598891848
0.8801986502802547
0.8802368948659477
0.8782509426003065
0.8678841442483137
0.8684704765945974
0.869253822498302
0.8821331476868348
0.869096674406316
0.8673350260869296
0.8675234073061258
0.8675761510173634
0.8644152380166553
0.8650675398184227
0.8755523035683944
0.8667550670271061
0.8669109082757427
0.8726710780929094
0.8708328553417773
0.8733270399806923
0.8770466769666997
0.8784497599297596
0.8719530838842909
0.8747794128199635
0.8734049636683215
0.8810981564115844
0.8772468183711225
0.8808777827082466
0.8801712291872892
0.8949774237076682
0.8819970553960182
0.8771136938538099
0.8770820742175564
0.8773891417352635
0.8787146293419564
0.8747181304739317
0.8737332260151209
0.8737726318188128
0.886015139078095
0.8851806702127148
0.8837715390463515
0.8837495823098913
0.8838881544863171
0.8902301168357218
0.8901921168809869
0.8953863657328104
0.8892641984123838
0.88939377487905
0.8894101149076883
0.8873812827814864
0.8873887923600152
0.8858383291807415
0.8870812038903686
0.8859508349137439
0.8858052895557311
0.8845670755347602
0.8836769081804375
0.8837574039459329
0.8759278006924962
0.87600339409797
0.8767367645746077
0.8796146791291384
0.8795362786768357
0.8803114957528383
0.8772231869733697
0.8816895049670781
0.8775879921741847
0.8754033770128731
0.8804160837014604
0.8768158461467633
0.8697344709372389
0.8691985333178331
0.8692535271890424
0.8672073862237493
0.8703478766116791
0.8617158138005074
0.8623908377664182
0.8634133093462645
0.8652785808240556
0.8650417015939779
0.8691075070321038
0.8535058896816703
0.8511907567792245
0.8523940791217439
0.8703374292511343
0.8694167420606432
0.8687182608149091
0.86870519209927
0.8687126919123337
0.8688955227895908
0.8703338831536397
0.8687777636489339
0.8688803071401062
0.8561091319583328
0.8567311257239261
0.856518244262669
0.8527433154823645
0.874544347780258
0.8747964003183398
0.8735120599913406
0.8784983337358253
0.8642931376026213
0.8648816710029827
0.8663197562274061
0.8560371695131282
0.8561059237997358
0.8617697604219838
0.8680163936276555
0.8672796417767478
0.8677973994202682
0.8712598095557071
0.8700166445666703
0.8701709824466172
0.869819065825284
0.8699770957033748
0.8705713479498235
0.9001618800033148
0.9000809738293191
0.9008701079237188
0.9002156010372026
0.9004614237989562
0.9007323763326868
0.9007776072397382
0.900660713341717
0.9024361738863784
0.9008692635397227
0.9012149555469012
0.9015163500333732
0.9012686247419507
0.8969579177633882
0.8990319425159194
0.8988823332414084
0.8881737051105446
0.8884029632382983
0.8833840219728846
0.8831005523953125
0.8866038888993582
0.8832001818871767
0.8775507360411321
0.8849491468171949
0.8856360173296349
0.8855702311908121
0.8857365446140693
0.886356783945807
0.8836371953073683
0.8882775908253244
0.8644709478647518
0.8647518028319976
0.8845990070411138
0.8859136138813217
0.8900278812532342
0.8845809062155122
0.8879854279181609
0.8841144412890551
0.8840028547700586
0.8843727036677743
0.8847639955695545
0.8868012746969673
0.889858106163651
0.8902259429818901
0.8831500181058464
0.8896114690503472
0.8892738503219122
0.8601785233412015
0.861378504421688
0.8629220548944389
0.8685854344375218
0.8653591193237318
0.8709781029029838
0.8715222232537267
0.8836363840016989
0.8850436693600036
0.887989156475233
0.8769268054026164
0.8767863034750943
0.8839516829345989
0.8716713871745381
0.8834761732900887
0.8939139604288571
0.8862696087412613
0.8872388700999836
0.8908302720232
0.8841140749408671
0.8839225100366808
0.8840401528061669
0.8834180572160835
0.8851924256911712
0.8851485729425964
0.8799278708218415
0.8716914243577831
0.8801749021935866
0.874669327077368
0.8641742080725593
0.865773868875722
0.8709048214903774
0.8647789666835511
0.8741360643861215
0.8783709538161778
0.8785350333149881
0.86883088645742
0.8684826386701847
0.8683087769170211
0.8684543536657215
0.8752841018157143
0.8748967735967409
0.8679187970859378
0.8729112631976248
0.8741155362422146
0.8740209445267021
0.8723367944906906
0.8744093326830994
0.8744215505186825
0.8822717203434334
0.8762166878802152
0.8766947609616568
0.8765336910778883
0.8767037946489116
0.8767074057219754
0.8834515585803875
0.8845709703521331
0.8751307229235662
0.8750142658201419
0.8749904469615333
0.8799239774359912
0.8797107492233031
0.8759090012394412
0.8770618630640097
0.8744147391378293
0.8776389287058214
0.8787635971645431
0.8777966260503727
0.8778544199502483
0.8675919929549918
0.8678533462001672
0.8694605476951427
0.885999103017293
0.8725800667832999
0.8707026965831165
0.8719548970228311
0.8666658287384117
0.8668336766046744
0.8692787701451377
0.8668135292600839
0.8707481007666413
0.8745163839847993
0.864823365757257
0.8674557941933693
0.872020228713336
0.8724905828243666
0.8719086492781438
0.8720107834605764
0.8718862251929593
0.8739682111713453
0.8812264750290576
0.8803839760099615
0.8803110055193438
0.8668726005770951
0.8765888445937583
0.8749023842999338
0.8805404025852976
0.8721158841362062
0.8713890453133959
0.875868977662187
0.8728262886190515
0.8866286754795781
0.8965988458571281
0.8905745534983412
0.8882294386870315
0.8915136462551159
0.8912108545858803
0.8888552485525253
0.8894119179665266
0.8871559425277631
0.8704867486518578
0.8725950620040293
0.8722258315937658
0.8830345926673573
0.8602367389557908
0.8657981933279756
0.8582916800373812
0.8737720268655066
0.8685929441987296
0.8690208426526281
0.8630140862649006
0.8631881332145762
0.8574785173491566
0.8527823633653719
0.8488117371470265
0.8500623195273543
0.8519464697651812
0.8532876043571735
0.8591376754991781
0.85485825786516
0.8568268641402821
0.8590934436612981
0.8902865803643844
0.8614269300218993
0.8615657533678577
0.8590110841462824
0.8559343761256013
0.855859030566815
0.8628498463807011
0.8559495710685991
0.8582800850641354
0.8579494178628141
0.8703289161103478
0.8702314514833444
0.8697456310865298
0.8689580242345442
0.8693238600898502
0.866660407598125
0.8676140158263541
0.8740497071309511
0.8902205085232877
0.8934321430254557
0.8938995398294155
0.8940120761526071
0.8908379728882093
0.8908010020410142
0.8930913406299343
0.8822373307921281
0.8850051515458186
0.8864775481820232
0.8988411096710937
0.8989331347819007
0.8986996255717387
0.898527997507978
0.8967547281979682
0.8939597307478664
0.8937169389630316
0.8936546554762163
0.8997247138095648
0.9003384455861009
0.8983173437921307
0.9004599907509366
0.8801977364148318
0.8749079270588859
0.8748858497368085
0.8749661616875448
0.8745620678979965
0.8627977621031705
0.8600240195514728
0.887773087033304
0.8875274313359516
0.8892536997618885
0.8895336550615288
0.8912995471516063
0.890983028180452
0.8907994889637725
0.8887234815892705
0.8900145769421856
0.8712459640016093
0.8789070875435925
0.8882756638276634
0.8808242154003155
0.8799198809604706
0.881478595832531
0.9004611213992181
0.8998717161121232
0.9000468350183899
0.8999100317251439
0.9014212652634751
0.8991816291253449
0.8991158846098575
0.9010591986534765
0.901236959426393
0.8994709656942002
0.8996221811923888
0.9005337241819655
0.8905304146708356
0.8907660085002993
0.8915976019367465
0.8899927863812679
0.8883643000750868
0.8915755024343692
0.8985649998828339
0.8809635058796129
0.8988200362920699
0.9009190928235956
0.8992595522478231
0.9008764691108158
0.8722496530570865
0.8726665286095389
0.8810151369773203
0.8816650275221446
0.8797257319854178
0.8820535220709433
0.884547363749838
0.8917061310336366
0.8926043850039462
0.8921276979815825
0.8922675459471204
0.8916235834738176
0.8903326946432403
0.8897783090697781
0.8940291147773597
0.887422143491027
0.8742693009135527
0.8765854340022325
0.8790628743992369
0.8783252610261219
0.88999806259824
0.8902331970225192
0.8870510539129369
0.8958056917488677
0.8950967423971705
0.8886091696285314
0.8888806750704247
0.8892718534929868
0.8994388635439431
0.8749826650460114
0.8753918992620623
0.8798056382965488
0.8805519291366427
0.8802205941429607
0.893246541610293
0.9009434623115372
0.9001860630145885
0.9002178410858578
0.9006573191281861
0.8985834640307278
0.8948013739462801
0.8958574604885796
0.8972722553431058
0.8999973941632968
0.8934617304406514
0.8826728031155108
0.8972483287481897
0.9105821221326598
0.9105961586564997
0.9099554948793858
0.9099874185913575
0.8981948225801825
0.8983629143751989
0.898366112753763
0.8983733300444138
0.9002772865480552
0.9102140100537012
0.8990397621335233
0.8991899985418946
0.9105875059259035
