0.6880775257661395
0.6899737840754071
0.6904014221366894
0.6966726945822168
0.7184259192251775
0.7396855663333985
0.7398033147101107
0.7425543973155755
0.7435707718232394
0.7818670117451403
0.7435769098455767
0.744257612513521
0.7608632483190291
0.763183870627129
0.76475338968702
0.7646096622092207
0.7962426208490602
0.7761809898971277
0.765240592634263
0.7644704332073221
0.7677928444241148
0.749031473340939
0.757645246733963
0.7616635182615719
0.7678107227345713
0.767610544272078
0.7739291173485718
0.7761621600901082
0.7758167827616269
0.7772408738743081
0.7711061642818449
0.7718508431733527
0.7690643112037945
0.7578230824678353
0.7573018747007142
0.757151138593556
0.7317205992479999
0.7389884104480628
0.7416047184074046
0.7448272283674524
0.7447220928722587
0.7490822607635191
0.7464655524788714
0.7514611774876938
0.7488383609072677
0.7502505309596187
0.7524138841221981
0.7822464882765958
0.7828814127407883
0.7478700442261259
0.7470922988776505
0.7471744174914247
0.7468758379671162
0.8073588537819598
0.7902412452219509
0.7901955562036908
0.761478349445132
0.762744163526478
0.7740911692452487
0.7552640466781981
0.7522430923903649
0.7616021167603014
0.7528349033823841
0.753197896470355
0.7542033953991152
0.7554214213140185
0.7585117570270916
0.7538049017276196
0.7540278284967854
0.7538935129007178
0.7531981728710692
0.7536165010364871
0.7535440072459912
0.7481406412715483
0.7470046692383898
0.7498022357563805
0.7497714350303175
0.7566641948474782
0.6779506862777318
0.6573061063876721
0.6582128961685775
0.6612218133257531
0.6611384165124669
0.7194653734190521
0.7207618718845414
0.7245286884519344
0.7243992074636285
0.7205498278097553
0.7212932470219438
0.7218059162973263
0.7365807190329496
0.7177496528399654
0.7180746111805053
0.7178502254654984
0.7182742268026409
0.718643520451513
0.7193958579806174
0.7192348241266527
0.7913703672044249
0.7911043281931708
0.7914266355521277
0.7914305791194217
0.7915158235157927
0.7915211682403489
0.791320889153834
0.7681594206202329
0.7921699602126048
0.7397577912520166
0.7410417269610312
0.7408936423242218
0.7409379427601225
0.7409805839847097
0.7398891620709698
0.7459403614458635
0.7647758746040512
0.7961084142088678
0.7884134588852484
0.7875593054430262
0.8019201953609602
0.7767368707087434
0.7807465149924212
0.7794999910882032
0.7799886088637449
0.7841920852430823
0.8301431397433238
0.7741150249420451
0.7752972393389852
0.7742311129062143
0.774370293124494
0.7749388223359526
0.8213377197108555
0.8205229639980197
0.8205585428988853
0.8206367294860255
0.8351486859104238
0.8356180544945117
0.8364052424628549
0.8364178992635183
0.8011944565370658
0.8013553757481162
0.7895436890052709
0.7891192627404171
0.7887938194814608
0.7892199079615818
0.7902480277451872
0.790208644200097
0.7960435726272648
0.7903045044931157
0.7908871315560215
0.7936770192607054
0.7986938326136345
0.7996459028426974
0.8017754766094964
0.8009820945993681
0.7838644799033364
0.7832225448433006
0.7833514009720925
0.7361723858467306
0.735908584000198
0.7359136459929276
0.7359896730748856
0.7046062675977673
0.7441809131794888
0.8331839151513251
0.8322208491086824
0.7429586201573537
0.7511789464523844
0.7508501809995408
0.7763378205710779
0.7755094784949429
0.7764860300625254
0.7880739839279016
0.7879430943628215
0.7891489650543985
0.7969743194468426
0.7981582041377525
0.7982907949966872
0.7978861364232621
0.7973322621521018
0.7974765045987842
0.7972272963468443
0.7975802904022268
0.7988894192431218
0.7987220657819581
0.7986959353946846
0.7991237263173216
0.7991555138863672
0.8423414136058582
0.7973195927575379
0.7970777715659695
0.7970758968933753
0.7969512572573567
0.7980514725379328
0.7974071572179581
0.7967734249057535
0.7704623483458546
0.7703914003237662
0.8235056373764114
0.8352003182956705
0.8223032544726254
0.8232446444147633
0.8234660257842442
0.8234467697569151
0.8485867971508994
0.8489163563135252
0.8512810937405557
0.8473454659773785
0.8216152648941593
0.8280739790436238
0.8434285548424612
0.8436040132458458
0.8429944930724823
0.8429795387628181
0.8511691181323525
0.8399496510768779
0.8441083641486031
0.760930770490385
0.7604743114906253
0.7606936699979889
0.7658731127477688
0.7661129291173476
0.7679112256999175
0.7667530604379519
0.8275460698371417
0.8142024458832712
0.8127226665937831
0.8137734409677745
0.8138833100015386
0.8192424205087337
0.8171326565090412
0.8171310988102355
0.8311910270480118
0.8257198033879843
0.825723850323111
0.8256192099995266
0.8255784246970771
0.8256234947835446
0.8258715930241604
0.8262515746809611
0.8303580215276773
0.833698533047705
0.8306956082320364
0.8262277889961289
0.8262070361543049
0.7458343078437744
0.7692249526969567
0.729983922986491
0.7537649738723385
0.7360385050206809
0.7641849549831021
0.7388190299315341
0.7259583634620541
0.7261100193882122
0.7100222792062001
0.706724795953945
0.7068722227143208
0.7052880504773983
0.7052533714122002
0.6910361152621733
0.6965320566452472
0.6937659666719961
0.6998041138636801
0.7166114330120931
0.7147751453111613
0.7147432748294599
0.7147536552565424
0.714293368429773
0.739639081250976
0.7620836667674461
0.7216036916628821
0.7395874780979409
0.7491664828284921
0.749712135755042
0.7775819820149632
0.7498801435472678
0.7515922956084784
0.7520697215816936
0.7529258531640872
0.7525096250394809
0.7347811580676573
0.7435658217874279
0.743706363405933
0.7435053400763613
0.743093197316712
0.7627060488940394
0.7565764587590011
0.7281263753270603
0.7301940727026314
0.7530440188622763
0.7551101568316237
0.7565912696624659
0.7545452599316308
0.7575091358074795
0.7559544713777517
0.765098726838256
0.7529285734608655
0.7641819608925335
0.764849944657805
0.7627841674824711
0.7499664441384272
0.746302363241756
0.7529409188799084
0.7545081303402416
0.7988052752369056
0.8385732240862764
0.855824421744422
0.8551379240616184
0.8550701323534096
0.7929205805750285
0.8072407967320132
0.810692005422598
0.8075782069319484
0.8150030263255407
0.7860122928694253
0.7881279823969708
0.7961608287949339
0.7352035340152374
0.7351747808256588
0.7425212182911379
0.7443174565194614
0.7382760285897041
0.8642791308958646
0.725107476285362
0.7502155660465228
0.7497473523528713
0.7498868099152974
0.7524370842746775
0.7518009394871749
0.7537259086672204
0.7561687367305847
0.7344944906636016
0.7332354679415036
0.8005571088116168
0.8012380993594603
0.8004239745086793
0.8003445345938809
0.8006546268137765
0.8644900879465204
0.8215030020652913
0.821806776009377
0.8214429141882241
0.8213062944260743
0.7634273068851753
0.7473990276710383
0.7477357826833473
0.7624018825235834
0.7663691322677003
0.766117411887136
0.7393965215665877
0.7382114602293561
0.7482893729159021
0.7537566228800049
0.7524330951268228
0.7535779091839067
0.746750001806511
0.7463808780494601
0.7471789327593681
0.7506692933878856
0.6933227421072167
0.7215765761165869
0.7402129316867271
0.737283346198172
0.736510839953786
0.7348264919064448
0.753861028291899
0.7443380852726809
0.7237295362382108
0.7238509566651639
0.7398019579263841
0.7304228273359528
0.7399952128779096
0.7346068450219639
0.7494953965483475
0.7447758735174159
0.7422606507780801
0.736617798124283
0.7021553995368809
0.7056898631180525
0.7053347588039744
0.706024774073932
0.7300128645845839
0.7307494482282415
0.7441586115350637
0.7373774361133525
0.738160706842468
0.7332722961008309
0.7399824935161531
0.7481192020053722
0.7495444861481796
0.7504291782299083
0.7489612322373014
0.7503323537292448
0.7537435869907912
0.7448864483205812
0.7466080577132481
0.7507914125383595
0.7556069063847852
0.7495842186145218
0.7510056822473228
0.7641759559693587
0.759865960565325
0.8134728064669291
0.7986571553165797
0.7745109098378042
0.7789998492252873
0.773868826463437
0.7809595979459181
0.781364395751395
0.7812913742820201
0.7874668324703925
0.7836827569127358
0.783820874268837
0.7986733555105336
0.7895296755915319
0.8050782013958484
0.801846170477771
0.8026557088359447
0.7809478887018113
0.7620483524288193
0.7772217462490059
0.7606439731106032
0.7630516609578655
0.7596619204278141
0.755237564225328
0.7530978802731162
0.7531659435083191
0.7624205795932242
0.762667170889357
0.7609052551107687
0.7612857315248263
0.7613368540335403
0.7591652540131376
0.7592257023035577
0.758678925719512
0.7734560360467369
0.7809600751628196
0.776588419048399
0.7775305877444095
0.7648651595430657
0.7725556137832854
0.7749669250563794
0.7740129766649957
0.7821631063831967
0.7820067813669019
0.776778654367224
0.7711691797218744
0.7736710797323739
0.7745578821315986
0.7742610822915137
0.7780370322634901
0.773891331975157
0.7662249063361075
0.7710168183898733
0.7715212036459502
0.7761086975808541
0.773308885622802
0.7777782994047856
0.7543321151483728
0.7560698394811028
0.7708886701808016
0.7751501966217416
0.7748099053299178
0.7765259614037101
0.7769051516950382
0.7770918386503294
0.7759947447720141
0.7929688500590276
0.7924355122275923
0.7929809876174737
0.7394149244048301
0.7393767702329753
0.7392254923725892
0.7386716546714319
0.7383897249737077
0.7390143284581899
0.7390131388811461
0.8008686391384
0.7239330111694594
0.7242978618793212
0.7353207180369651
0.7356047233785191
0.7092072829938698
0.7021199999579855
0.701265132802292
0.7025815939393973
0.7033096911673754
0.7094381697643497
0.7094167889759585
0.7259515490147944
0.7250339044729199
0.7404792996003737
0.7391894471686298
0.7913480809020957
0.7892266496042494
0.783828785887666
0.7061764169108432
0.7111294916099204
0.7211218402125626
0.7648436902909976
0.7661597919068235
0.7796947011479363
0.7792160226708305
0.7795034034582285
0.7606224114202819
0.7405159140099796
0.7419978560368298
0.7315706435579872
0.7321667052805114
0.7691786524004174
0.7729712300249113
0.7726348415121448
0.7805536851380283
0.7800878225452494
0.7818840332316516
0.7815140912924329
0.7812515988790584
0.7845899612577565
0.8178337250666413
0.8053396341630245
0.7965693822767922
0.7994466720963019
0.7879767060770814
0.7882185910318892
0.7877696333189105
0.788822805713707
0.7903895835264301
0.7900940349889801
0.7927094400011762
0.7959569672640259
0.7944373445573814
0.7964850499832314
0.7927783941118277
0.7911561841550631
0.7911978340928079
0.7921782613672999
0.7905752267930093
0.7836728805841383
0.7762892603389355
0.7764962675948528
0.7779000956755905
0.70482062956801
0.711877549031547
0.7068412088166895
0.7049901095290211
0.7785014024815033
0.7767690346151724
0.7011844806885271
0.7013429914152914
0.7017197132576247
0.7007229740715127
0.7060317814786081
0.7000869308459015
0.7016468040733068
0.7019288214659717
0.6975464406703757
0.7004014213749254
0.7118759654217848
0.7151857000078253
0.715157428841772
0.7172217476468723
0.7212145422115052
0.7209521777763578
0.7209284663808329
0.7222289324701033
0.7876673241831539
0.721433399552396
0.7210910570006079
0.7273228408871083
0.719108787707221
0.7169344618263359
0.7172605022695568
0.7174047355366706
0.7173335102510981
0.7191435996342083
0.7195099814217502
0.7866417142573116
0.7196882911017537
0.7201870531807801
0.7156343719813016
0.7171686463772128
0.7170964930970216
0.7210593609950063
0.7204976972991973
0.7224640826326377
0.7173974200211696
0.7159408144274669
0.7185332314147468
0.7192425140526056
0.7142889457789701
0.7240104229092625
0.7240365777925681
0.7239642182507087
0.7239705249053833
0.724560375966924
0.7238431013387571
0.7239483112864002
0.7238479182858985
0.7236387552377672
0.7282428571327505
0.7245970061658238
0.7178224304498926
0.7185178945641715
0.6849880193884145
0.7671356617256532
0.7638158793750237
0.7672342692505068
0.7732137103016714
0.7687144725173503
0.776829832980143
0.6814675443059404
0.6927304898314036
0.7426623936416077
0.7319086279554677
0.7311204669564326
0.7200400604726183
0.7096673251348323
0.7096483331440067
0.7058221596044353
0.7064694068707373
0.7118194115695271
0.7117290393838055
0.7120461443919035
0.6882701364760936
0.7145827454515481
0.6952618940834476
0.7321241840262729
0.7197377959909524
0.7167422427644058
0.7249915377614817
0.7046385737345519
0.7196714980521716
0.7634486613315858
0.7702116784516785
0.7729164584832835
0.7877100283805293
0.7778742252974445
0.7741292896959162
0.7742430679149814
0.7742069273385487
0.7771652251701342
0.7824314953068934
0.7834941850599282
0.7832623511256177
0.7740624215048727
0.785081286019688
0.7858045802005912
0.7849380118229967
0.7848272310336754
0.7848240096191179
0.7856142579499245
0.7858788023065686
0.7962097260861023
0.7842871160251957
0.7899332407546098
0.7692436024848147
0.7785411754368089
0.7783414867329472
0.7811018518950585
0.7848059018966503
0.7855271402911801
0.7857555159677498
0.7965194523281178
0.7613778785275424
0.7602201857197769
0.7587558726352357
0.7587545187923557
0.7590264681068877
0.7380608265627363
0.7383137955421903
0.7380251310448083
0.7361640794944332
0.7243078448102734
0.7299178694750535
0.734068539035573
0.7322304116418844
0.7321096027430689
0.7489986859065421
0.7533243806098557
0.7491643128906017
0.725957310126511
0.77548233921951
0.7756617341496559
0.7752679038584437
0.7733973008489408
0.7836233185074081
0.7771327999147158
0.7155552101433929
0.7385357622975598
0.7494285252257533
0.7493088797570244
0.7494169864519477
0.748995540572638
0.7567040621956872
0.7488280034513518
0.7528690846794288
0.7526808868356383
0.7875561008883437
0.7878183609185538
0.7879968608235002
0.713941739219977
0.7313223970222271
0.7155868986559473
0.7194472312979755
0.7562333321260795
0.7559052474783239
0.7562222197029894
0.7562728172151124
0.7622130447454754
0.7627721888754446
0.761998812460992
0.7651031141000034
0.7461511030154082
0.7398824069571117
0.7589251187468449
0.7425293548549442
0.7478223401381522
0.7480014904578115
0.748118771311212
0.7492384056103027
0.7507442700387366
0.7524359722826001
0.7607401235455951
0.7614488916247206
0.7607858401572898
0.7607432670353996
0.7612571936378955
0.7606821953967241
0.760460828606613
0.760793593097325
0.7670525925692402
0.7668201850607848
0.7683332793814713
0.7690649348278616
0.7741656873625379
0.7736321233194859
0.7728243805095532
0.7726670857432522
0.7683206483223189
0.7679531270175439
0.7676258739895411
0.7756672514595763
0.775662992293928
0.7758163738931687
0.77581262265145
0.7726146206060401
0.7669773703589157
0.7645789786016179
0.7643899906554493
0.7642703216950548
0.7634041829134375
0.7630031876028981
0.7705892448254532
0.7709151298798769
0.7452642593007104
0.7450931191115059
0.7439076402700768
0.7459366454318322
0.7377330212386894
0.7652752408921414
0.7612728828481999
0.761556170159476
0.761566669621779
0.7307953545757297
0.7305424539758293
0.7313332471461803
0.7350312866521599
0.760134862996508
0.7599511826108672
0.7597519028667601
0.7593402395938389
0.76036310876976
0.7605550166131595
0.7825002523639282
0.7707296713619893
0.7303365118381445
0.7320831711068373
0.7840737833356015
0.7960086938406292
0.7829623349809737
0.7846532703834516
0.7863690009464392
0.8069942394690863
0.8074409077581661
0.8077051706732801
0.8158738949662416
0.8081118753502635
0.8045920588167614
0.8052072328531593
0.800693388810418
0.8292449358233207
0.8294351738593868
0.839495142511885
0.8390152769067478
0.8389587844220388
0.8391431670275202
0.8396663639692388
0.8402126349059617
0.8394540734913105
0.820835306027018
0.8391789411220986
0.8388448415561469
0.8234640446208062
0.822773122944717
0.8284225176985477
0.8293580229052531
0.8294057852158465
0.8244182702514491
0.8253128725845531
0.8249952383445772
0.8268599693552062
0.8268147500611015
0.8266751581081068
0.8149085850006974
0.8299124695213268
0.8303303092740612
0.830657319034237
0.8338861525613294
0.8170710353631034
0.8142628926283558
0.8277396067999847
0.8275918683024779
0.8317898667558521
0.8276101585771983
0.8275385414887892
0.8159664485362937
0.8169820642111726
0.8282740609773509
0.8278626267073658
0.8278623891713148
0.8383370914251802
0.8013109622064595
0.7967253081854018
0.7892021837504912
0.7893968976700113
0.77461524735516
0.773439384880529
0.7727763238522002
0.7796394411481861
0.77179448559078
0.7708678112799657
0.7741253653087419
0.7720846644853019
0.7675661353550776
0.7701224123790418
0.7724621074738688
0.7694026566699278
0.7694937985421951
0.7689652448494956
0.7690838055153165
0.7692315619815183
0.7656567555924578
0.7610596277347522
0.7612819669001678
0.7644364238168653
0.7635399388601225
0.7667821553410817
0.7667370684922212
0.7668499024305487
0.7733647283194646
0.7648105986190292
0.7716081271727201
0.7671763657482176
0.7675875171900343
0.778227593462803
0.7807319126887954
0.7812918090494498
0.7805461602774183
0.7804135130677585
0.7765798594621902
0.7714958646757213
0.777259966105089
0.771687290424449
0.7719069220421596
0.7730790208375977
0.7703443252361709
0.769758116896363
0.768651120568185
0.7708177089750992
0.7724487196886818
0.7736378699127022
0.7791552347027705
0.7792424691265524
0.7861329724370727
0.7861430644266167
0.7861976841997187
0.7868276540070696
0.786833689456859
0.7871555731727407
0.7745830614464344
0.7668973031450337
0.775384298794186
0.7561525323622599
0.7643909339659359
0.7689945585934985
0.7619939909889498
0.7685915998319398
0.7696625008671224
0.7851121851879057
0.7653168570623942
0.7696498394163358
0.7660749154426708
0.761233861578234
0.7617098233073663
0.762672174570612
0.7634480450543647
0.7540167239892647
0.7460431484187973
0.7461803820309357
0.730696935671503
0.7243359128651293
0.7290555892772204
0.747277891029894
0.7467242610957765
0.7526372543602571
0.746637034484073
0.7546828122158322
0.7358956397538736
0.734213434201229
0.744882632549024
0.7340295694182918
0.7353404098060576
0.7365658853976276
0.7370323124882262
0.7762404709142129
0.7646643678676737
0.7691892494016808
0.7736741082356436
0.7728093470321187
0.7723647318205819
0.7783110487027229
0.7782688440442372
0.7783209553729913
0.8146974361124955
0.8144963126946746
0.8104930375307647
0.7997274941441088
0.8002523831712017
0.7453610237160597
0.750447844087793
0.7480436808934545
0.7423294497155393
0.7529276901404253
0.7629468062838508
0.7641808487588492
0.7636347327228545
0.7636303556255806
0.7636436679537694
0.7476007466747883
0.7479291679126129
0.7474907480632721
0.7579180854911998
0.7519530340194351
0.7565917588741936
0.7576419079061181
0.7573568501255579
0.7570029569344322
0.7680732445901306
0.7578288721475472
0.7683734752233856
0.7632882404033117
0.8022350288428367
0.7516740656218021
0.7548030267785291
0.7557133733156352
0.7543718874971045
0.7439463200548211
0.7416563080484411
0.7401437277182161
0.7373140785540673
0.7389786096054797
0.7364128627986399
0.7371212095778723
0.7330265586180348
0.7286773601322843
0.7306546582721222
0.7272557212956237
0.7366355888875892
0.761409311911567
0.7448910121477329
0.7539225607161362
0.7578670649572228
0.7624303186071085
0.7617834306838217
0.7618799154567222
0.7503004141727895
0.7536829516198554
0.7320817283502983
0.7446062759699051
0.7624241457230185
0.7558108435338728
0.7706298582869875
0.7675081441271625
0.7705323187065262
0.8291961514423754
0.8275794741217058
0.8356954777429483
0.8054060555729141
0.8245937970638376
0.8088326484019345
0.7392757391560639
