0.6307655969799506
0.6417035310320455
0.6768217763276457
0.678389925037106
0.6802372350712789
0.6800115045875947
0.6773902732121568
0.6801950839206587
0.6852507977147211
0.673007129673387
0.654133045280604
0.6674209098177972
0.6868888671577525
0.6880300201494396
0.6883168556728789
0.6814982327317001
0.6828386235283881
0.7030874613617077
0.6983839754083824
0.6981449580167056
0.6978424357240915
0.6976480495844096
0.6974014558817313
0.699026172542542
0.7012205352667666
0.7045782201737351
0.696326874287429
0.6966346022912177
0.698162341662136
0.703371629704701
0.6992571551868436
0.6969321577489616
0.7057132540546597
0.7058838913476513
0.7059273111030077
0.7060104331182083
0.7062074834593904
0.7062246823069822
0.7062615620616055
0.7061496429211512
0.7440617914463804
0.744045097132235
0.743974456815873
0.7463240471018345
0.7464162513434863
0.7466636146851117
0.7451210414180497
0.745508800244997
0.7453817155569655
0.7181112569956597
0.7131028337308096
0.7135837898026682
0.7136589166849248
0.7129771564501197
0.6943253272152723
0.6953579172815093
0.6956477905534613
0.7101786136255148
0.710539865209501
0.7078868176820323
0.7093032755934773
0.7104667386009881
0.7258086609930191
0.7264570095250376
0.7233704721999221
0.7241794414911703
0.7167995703007262
0.7182865605832933
0.7195072859443221
0.7297645336845224
0.7335473112119391
0.7389914321650175
0.7294200014602938
0.7298220072132251
0.7271747391845675
0.7268851187212253
0.7250878018513883
0.6916664751169906
0.6982897148755605
0.718391666426507
0.7176374998650807
0.7167742465687482
0.7356626377959514
0.738036515393281
0.7140882332235823
0.7143296250892928
0.7141476403173068
0.7138934364935196
0.7005711338460076
0.6936166900915943
0.6977352844961424
0.6968337887428874
0.6991427223317511
0.69842011929032
0.7215485864972379
0.6936029684497677
0.6933862990057259
0.6944444281664172
0.6903644721294062
0.6882866212770374
0.6841019909504255
0.6862029980543254
0.6880566625606245
0.7148811404730944
0.7112807952630796
0.7119207857444209
0.7049170223450837
0.7053952408431199
0.712775717885443
0.6937044983153069
0.6937278197568194
0.7296559418493311
0.7242342605244285
0.7270111573504172
0.7280509713587378
0.7311734400418513
0.7316721718372171
0.7168735985211753
0.7157552453117775
0.7154880449224187
0.7151716850855339
0.7154131457619647
0.713476171082403
0.7194390676474776
0.6748183324959589
0.7066037544721354
0.727658646375449
0.727786904194833
0.7283554920857697
0.7579386019774259
0.7655781878084735
0.7582141996368643
0.7582618569051578
0.7296694238399458
0.7297000715212784
0.7296290097838152
0.730305317581682
0.7297279945680292
0.7295083052517931
0.7410497651277609
0.7411171255147764
0.7275164085340597
0.7268754890145701
0.7294831164036852
0.7293169344718715
0.7313124786977946
0.7262272356711597
0.7279063498192051
0.7719625159861195
0.7721508843047673
0.7695235209561895
0.7804732305171317
0.7803769397130806
0.7803579312863502
0.7804103947360678
0.7561642804295736
0.7554131350268671
0.7568369309194748
0.7551552523091377
0.7573051937576318
0.7312281727386466
0.7525118965046342
0.7526899697097018
0.7758848955126775
0.7759173312249196
0.7773965122067092
0.7776309586615193
0.7786034973409715
0.7862245902616208
0.7765221187657837
0.826679608566187
0.8254771348282368
0.8265525933420911
0.8352668074020637
0.8306900772196821
0.8277650772506427
0.7714091397308467
0.7705687750276428
0.7968153317746035
0.7918935825233818
0.7846379634357272
0.7845779955845881
0.7902221433715461
0.7866340672383075
0.7816413581755494
0.7850012705744156
0.7877883481888348
0.7878660943134256
0.8189663329682806
0.7987168222821549
0.7921840476260046
0.7927872489507944
0.7928170152237577
0.7931438717185519
0.8030470113492281
0.7986494498538856
0.7970734673349363
0.7966594164579538
0.7966463413391506
0.7969681351915618
0.8004672478428866
0.7964395215701424
0.7964249726300398
0.8015028738874147
0.7968577884661054
0.7970490133443738
0.7755290725077193
0.771985805799948
0.7731525605843937
0.7730079273114929
0.7738906323163975
0.771571109747843
0.7726604363524592
0.7803634812673541
0.7728436243887187
0.7721254910166612
0.7720721358720273
0.771982563553788
0.7720236829315215
0.7703787565358697
0.771935840044613
0.7719477194916875
0.7738962519836778
0.7713414395299498
0.7717364957879852
0.805996446865898
0.8064513139862242
0.807577869875895
0.8067866403714715
0.8070958742746701
0.8068582296375781
0.8045211229646339
0.8078190679130587
0.8074351664198168
0.8112351430579485
0.805901368542213
0.8068325027152026
0.8067761030378569
0.80876068857953
0.806055216483734
0.783447216717519
0.7781546759453624
0.7768921756994075
0.7808688687335076
0.7959534738948614
0.7849047483875637
0.788278978110698
0.7862502402056556
0.787953264642234
0.7656666098488574
0.7676173250775862
0.7810962034692677
0.7696554519649446
0.7724370900132951
0.7725086474344162
0.7752288060530166
0.7719845818798478
0.7698547188814332
0.773024715779291
0.7730212194908375
0.780113162498254
0.7755232004522057
0.7857949920116162
0.7746902773738665
0.7751497623737886
0.773522294472517
0.7790831444889549
0.7861357067765764
0.7860196821473191
0.7861384941871875
0.7989772591771584
0.7876883242443474
0.77978176850905
0.7737728795891299
0.7748325609843307
0.7673314931645562
0.7559985123169017
0.7558866844278603
0.7682773816941634
0.7598830648269027
0.7605520957915429
0.7645925324935057
0.7639608936900414
0.7898057709137825
0.8107830729158176
0.7905002182270786
0.7907069116153703
0.7852424522090493
0.7854611017571967
0.7696138033054987
0.7730424893913028
0.774921809521833
0.7695174330708693
0.7678068112750048
0.7678037871259037
0.7677827802670427
0.7689723607744231
0.7952062722715998
0.7835425893052693
0.7846426436076979
0.7848196436303962
0.7895371141225141
0.7846045738871604
0.7863024726274112
0.7865469055890137
0.7843867055087238
0.7843632662611518
0.7855523892846377
0.7854267099244774
0.7852553903084316
0.7856692445932264
0.7650002844676657
0.7658626091885801
0.7579994914191867
0.7595795695182216
0.7463855757721698
0.7464775401178244
0.7465590770657786
0.7528884418011667
0.7570621792220172
0.7548030843873705
0.7715779727788574
0.7684562395416493
0.7706680630451959
0.7724570054511394
0.7803335154884415
0.7804936669928276
0.7805709446474516
0.7802531343511735
0.7801065740786298
0.7800002657067834
0.7804755174163043
0.7805282594450941
0.7805286076264754
0.7823149270521249
0.781170227299021
0.7810286490803622
0.7809869053513022
0.7803143550807976
0.7816202945084834
0.7891406392149591
0.7886375397790428
0.7889857946844514
0.7885507584543398
0.7903348387016496
0.7920743652108843
0.7919320996808131
0.792020956417072
0.7919985014509504
0.791888021154603
0.7917348414895162
0.7917755316477916
0.7915304496055108
0.7916251486192826
0.7914524023291266
0.7910520426292144
0.7911628985890413
0.7749972034442684
0.7751341536813207
0.7778603042632354
0.7785696521856241
0.7784750441869592
0.7785542395287356
0.7784624705339588
0.7911841579993992
0.7788997680189629
0.7785943681873813
0.7781345835846494
0.7818732450044846
0.7784595400930804
0.781911999587776
0.8012850489641776
0.8010454436303283
0.7997467280959167
0.7994325078873855
0.7995950292983732
0.7997147832151885
0.7996752936497152
0.7993809970167172
0.8164022370475141
0.8161414101917345
0.816881835868886
0.8163630521215177
0.7952562016460178
0.8169964903854505
0.8276548560313489
0.8283006327199907
0.828176622503989
0.8287507753108232
0.8110324151083365
0.8131724876297375
0.8129433631764911
0.8134658772276967
0.8134933349348751
0.8134623649616928
0.811265076996887
0.8110973109127254
0.8108941531483059
0.8111645530391626
0.8256559268034306
0.8089292736735296
0.8103468331589601
0.810571247896034
0.809302709177037
0.8090486705506468
0.8120594579385352
0.8126328977022905
0.8140731083310158
0.8298190305276515
0.8294178399776223
0.8315251586234458
0.8295600219889525
0.8298103759911204
0.8296920296079376
0.8270308028669534
0.8087647721702639
0.8091785897184653
0.8097927623298403
0.8097287908583449
0.8096873677193649
0.809788270700232
0.8095810439413325
0.809652445750224
0.8096197082940945
0.8098738504231512
0.8096848653024838
0.8094589353344169
0.8017658361860308
0.8018953531707593
0.7917788769987392
0.7913508514445391
0.7919331972415659
0.7918240505458208
0.7915802403952079
0.7915544124395106
0.805933695423484
0.8059983443057007
0.8078362939760891
0.8079853151153332
0.8129693299172801
0.8129588630837913
0.8129375832321911
0.8021694750283933
0.8019105548051383
0.8026091522043837
0.8075690341925629
0.8076352421170058
0.8080382847202524
0.8064156401952431
0.8063415302742187
0.806381945797047
0.8065183368838407
0.8253947311322036
0.8253378271298729
0.8250064657972553
0.8246269417549709
0.8244515122694945
0.8378137264081404
0.8537613196323063
0.8537014012276132
0.8546269531823658
0.8541180006351767
0.8598967361510151
0.8598932903657773
0.8598315971357706
0.8243532116304508
0.8248537439549147
0.843390003632293
0.8557174629563413
0.8549907273431243
0.8556150414057893
0.8674471838328893
0.867587307795807
0.8598640034124576
0.8598508090962633
0.8607273959152711
0.8604379212108682
0.8628818755182187
0.8607622820528352
0.8607441912497574
0.8608199548300499
0.8384942824056657
0.838537774512669
0.8431163717635627
0.8525968079919524
0.8529529941864602
0.8540131364407307
0.8602472848393343
0.8602419693667269
0.864649445082609
0.8644813591145006
0.8624127291310593
0.8635393558001726
0.8574427801076132
0.8573667826920707
0.8571783398852442
0.8569327598357743
0.8630906352998189
0.8593445203182444
0.8578499749268134
0.8580600607640284
0.8526064500327051
0.8525228884445445
0.85326668476107
0.8528332288252563
0.8530101328088537
0.8542388009858736
0.856527217645054
0.8542104665228863
0.8555657847378219
0.8559290918675634
0.8582851424893154
0.8580952384967888
0.8612436034527551
0.8618275872976953
0.8538438635766977
0.853795723625675
0.8689636505158788
0.8688145230663504
0.8682132638937061
0.8916467581809077
0.890958829177251
0.8908463050717427
0.8934513920656285
0.8900614463460994
0.8823206723969319
0.8826282068462137
0.8831303106601476
0.8697007543239585
0.8657661762419409
0.8660529532947671
0.8662299043225725
0.8739854435087251
0.8738296701854207
0.8862056453541515
0.885240936171138
0.8867928950892489
0.8863689011722787
0.8863218239206588
0.8472742075086326
0.8631086504588054
0.8625322238609527
0.8744289150987498
0.8657264399477179
0.8652048971913315
0.8483263776157202
0.8418189526038901
0.842216247443338
0.8427899752503953
0.8417642553086634
0.8415262641150247
0.840100181496245
0.8392061969759214
0.8407587301071552
0.8400143367795644
0.8422295677974166
0.8344905790768081
0.8299279723360672
0.8478737074267916
0.8425788210497747
0.8424137543343927
0.8379116294030465
0.8369838340968279
0.8396285747438696
0.8368963102683623
0.8367082305772088
0.8390782249409238
0.8106806334434435
0.8105842976106735
0.8090633317260981
0.8030991250601034
0.7830520234144761
0.7804883832314724
0.7801342943388628
0.7868171654088165
0.8035386178205128
0.7851286805754363
0.7824280806139864
0.7849840946254797
0.7854179278092749
0.7847349244970546
0.7847501718212784
0.7868413216285658
0.7954190582096005
0.8141890038792905
0.8144056771526259
0.7884188490791743
0.8028840595127421
0.8080654606799795
0.8024454049538854
0.8012282068569115
0.8161415507450135
0.7985299602571003
0.7889816650393372
0.7973798904207877
0.8023285369170653
0.8028613520905937
0.7980935348128587
0.8149800206520282
0.8015035855562688
0.803636561101951
0.8015372187650451
0.8016882122441573
0.8033489208296224
0.8030817314764994
0.8126470178732381
0.8108082531349293
0.8035548380814372
0.8019700962136076
0.8030313414481974
0.8157305783776839
0.8134795197591634
0.8052579316797961
0.8017045032055358
0.8009571664680842
0.7992880917845477
0.8005346663086166
0.8081943745048377
0.81099529606083
0.8123507499689757
0.8145208715622672
0.8235785075278551
0.8356757303789336
0.8355563198843595
0.8334330856833209
0.8299817427056304
0.8298880547014902
0.816614554489141
0.8151724793384205
0.8186834136791034
0.8224317291985528
0.8057919055155623
0.8039410185017188
0.8005754900647786
0.7910330063760928
0.7994835254886137
0.7967405398183689
0.7964355789917732
0.8023060458849227
0.7967781415893972
0.7976147007305917
0.8079091626333458
0.8111577060035964
0.8068079839430559
0.810949115806238
0.806049043988013
0.7914048906156702
0.7933972030631681
0.7918727722115065
0.794982442716722
0.7939848105072771
0.7926234255556882
0.7909981787280351
0.7936802213099937
0.7942302652937594
0.7873389693495706
0.7886035396130374
0.7913862396499916
0.7871971797207002
0.7872555363318413
0.8067397124628735
0.8089895187438098
0.808323407964995
0.8082187297502199
0.8045701951768758
0.8112118041576272
0.8111977860807852
0.8075526305793629
0.8176885663640484
0.830952762305388
0.8282989231134024
0.8086208025203694
0.8543402907524758
0.8547047511522804
0.8172752306453916
0.8183804487955291
0.8104852858407938
0.7978877773467374
0.803425118663059
0.7989086908838099
0.8004140117684443
0.804092824287591
0.804018866274893
0.8041353400375433
0.8075261181041349
0.8048513871473961
0.813662853383841
0.8120780645610972
0.8124454161602471
0.8119707325776029
0.8176233457443554
0.816228916731636
0.8129845501861186
0.815397588754074
0.8160481529273201
0.8187752037697229
0.8154810735494523
0.8184454050868949
0.804798853612129
0.8147910392555006
0.8144247396865212
0.8065661596636176
0.8075134769510356
0.8053941685509927
0.8148027574083341
0.817123616713819
0.8266455573359808
0.8282696439690013
0.8273826475637902
0.8266275274120786
0.8260665209008573
0.8132845722864602
0.7994103728118188
0.7952254496374818
0.7953004329289349
0.8131162195842909
0.812011788409031
0.80524274033463
0.8085540930158434
0.8072727336516449
0.8178664482607363
0.8145885990785621
0.8143102127572335
0.8158077421048817
0.8247985604914242
0.8220820414037394
0.8252315218414658
0.8246685254725805
0.8227056435245544
0.8258282390373556
0.8214097489581592
0.8218688990799897
0.7962963342926467
0.7953613559105416
0.7969246516540773
0.7955065426311796
0.7949915520900279
0.7934549845003634
0.7938537503511679
0.7952904149208013
0.8009595062865541
0.7980511526240688
0.7989321296241969
0.7998769086381159
0.7966051894801875
0.7955964652479747
0.795657675571387
0.7939138724186646
0.8085592625934939
0.8001434398323585
0.7978776488467809
0.7933313811366551
0.796538440825123
0.7987090956690336
0.7972885916644051
0.788445207964065
0.7884634256209261
0.7895585515578663
0.7861321518294236
0.7901675797793798
0.7904880389129522
0.792057754323911
0.7830488347012258
0.7934527671781058
0.7935122090295705
0.7801245220615366
0.7744977268466819
0.7759659903348705
0.7808545008648808
0.7816224027657851
0.7944507681815558
0.7948006302952199
0.8006430285072895
0.7962803025182605
0.795192144873238
0.7952876024605936
0.7992487048029068
0.8009382657679073
0.8104416837492046
0.8063663789606245
0.8114356858617721
0.818574592119504
0.829078893265143
0.804204630843912
0.8046126547504845
0.81633488488954
0.8203494429812456
0.8164895203310873
0.8172457143863381
0.8201924560631673
0.8191935142582757
0.819064958047235
0.8154846978514143
0.8155889754561474
0.8156218517523294
0.8156277537430605
0.8155405844197909
0.8156264059793944
0.8201922103381859
0.8202616514103951
0.8228513380446602
0.8188976844080615
0.8156311787774864
0.8155872387824066
0.8157570641860473
0.8252381718210411
0.8215870662916175
0.8172446014780258
0.8166861109931473
0.8158312352572744
0.8115397122177342
0.8148299720672542
0.8125875385676473
0.8176040728578404
0.8107598859759994
0.8107163404173963
0.8111402657463876
0.8031628909112722
0.8024970376496211
0.8017807550424593
0.8018136914283205
0.8114507165791165
0.8115756763798267
0.8090896544590171
0.8047420005621874
0.805043176622958
0.8299126829681394
0.82861741611254
0.8318694992932881
0.8358000740301933
0.8235042149377721
0.8269224955818958
0.8299639641543656
0.8271574294604878
0.8235768658609978
0.8225424880910714
0.8244438738771578
0.8233626176858926
0.823253964018262
0.8236640284958713
0.8197976563685857
0.8189239667713395
0.7946393036381029
0.794598085713161
0.7939448943844668
0.7952765073174861
0.7938611152534917
0.7932739503096699
0.7931253795197618
0.7932354022814772
0.7931651932046123
0.79633064948912
0.8027400509595731
0.8080927638537945
0.8076031399948462
0.8078039056724815
0.8083869269396916
0.8028137123913309
0.8018215536820881
0.8017307857886146
0.8078220423413549
0.8084537864984089
0.7963518879774918
0.7966285269887928
0.7951247607814073
0.8023363495046042
0.8032401812293664
0.8023516887480773
0.804643738824479
0.801712054141989
0.7979775157286689
0.7961884603780122
0.796633649860487
0.79185590536982
0.7929180680996183
0.796652984938817
0.7987570849079366
0.8024880033613225
0.8120962482343609
0.8108590001710309
0.8392860536203435
0.7962409517831618
0.7955565236746142
0.8085667149748371
0.8080083372628748
0.8091962474523694
0.8164257522275588
0.8184872129762737
0.8174321778975894
0.8254501076547633
0.8184383145743371
0.8060443096091646
0.8206330866207544
0.809715011785056
0.8093944712061967
0.809194787391972
0.8082623617592672
0.810278194238201
0.8113514487869758
0.8120488634208619
0.8117221397531085
0.8128800347182795
0.8129157329349304
0.8139289529761521
0.8133001243114037
0.8113034490321743
0.8093241647392746
0.8096091235527328
0.8096327729135446
0.8130251874725019
0.810139835109391
0.8064119716578398
0.8083936692395978
0.8058210927222674
0.8055120306154936
0.8059205987349924
0.8104893343817249
0.8085073785532026
0.8093422101372398
0.8094144983605097
0.8087093160330037
0.8101184955820093
0.8123629258609603
0.8073920623185785
0.8092919414155644
0.8090684571924129
0.8075795139858087
0.806536114985003
0.8074532622916737
0.8061456088886658
0.8059132713903686
0.8071054731929329
0.805790745603187
0.8063649131091354
0.7994142249116502
0.7962870844532781
0.798251624174295
0.8027249970822181
0.804813755059466
0.7977172488269917
0.7980006033515359
0.8039214179395469
0.8051815030559254
0.8083217666725654
0.8080049612954152
0.8082148717868426
0.8416742994864408
0.8417494079417195
0.8443744766202491
0.8101532551354397
0.8414303317187685
0.8407784641733499
0.8405029513734686
0.8374206749251325
0.8414475630274493
0.8359354487443864
0.8343144784050099
0.8342495816737302
0.8337147992346238
0.8343609677242875
0.8349538462302698
0.834925716424885
0.8554028491709754
0.8533644241756995
0.8581685800714716
0.8592350626411318
0.8619024075458303
0.8593207658932422
0.8592295138621088
0.859490282606673
0.8595491065531972
0.859368453242895
0.8630409526879552
0.8589886375001307
0.8633005847737495
0.8608516150878938
0.8594904601741141
0.859744682741443
0.8597930483647357
0.8606461934885133
0.8576567602726883
0.8579242091436239
0.8596627997379696
0.8293475560504844
0.8383103421909945
0.8384309737889191
0.8387455380158747
0.8387698462456601
0.8299037721004976
0.8295706252054477
0.8294496169704099
0.8388593170980371
0.8453012881569044
0.8386657261344163
0.8415649337591277
0.8415148288802825
0.8415839009131972
0.8413119064355095
0.839573886339322
0.839733409391428
