0.684191728181375
0.6853057660233159
0.690370069969567
0.6990917223612246
0.7094747582424543
0.715199136758153
0.7154181254622184
0.7238336350516469
0.7411526754177101
0.717537842189593
0.7197628014138195
0.7557070774058826
0.7576652713821982
0.756903881351905
0.7583922974442034
0.7590377298537984
0.7581228223722499
0.7554470493628772
0.7558180735114668
0.7583943161043003
0.7560385643933034
0.7061691119642896
0.7413740675608544
0.713366921228324
0.7134939145048967
0.7570586132237834
0.7807778632556849
0.781206119227804
0.7809836497148548
0.7792911744326059
0.7797383694321177
0.7791256194492862
0.7810152819131954
0.780512726238077
0.8027190063731651
0.8047147449325415
0.8026583050494683
0.8023908905467926
0.7559340791073824
0.7951799506393534
0.7560108924676342
0.7591367635977261
0.7614331771961039
0.796411177632586
0.7964006457618109
0.796226935068675
0.7961624453192766
0.7975052840444895
0.7957637726463808
0.791832102123478
0.750696294734064
0.7029058248213694
0.7128478637767027
0.6963294480798936
0.7709128512297602
0.7641091269296054
0.7615716460741112
0.763458365645686
0.7717686212237346
0.7678414137810382
0.7679512403642275
0.7684606981940552
0.6924332625599302
0.7094470910347458
0.7118512860064723
0.7182093774232053
0.7259080300443355
0.7124973557240583
0.7067408649060744
0.7082643983971827
0.7382455953364458
0.7253915789540333
0.728831368882698
0.7206671121694249
0.7674821366043805
0.7418329378004699
0.7069562707037077
0.7148916175419292
0.7303558852432243
0.7072051477053874
0.7600446951978002
0.7615056869932901
0.7891025412677071
0.7129453535183585
0.7167878400894409
0.7576170773171361
0.7354393804486192
0.7890331035663133
0.7573484385341441
0.7561019624243969
0.760351297693276
0.8062776155895779
0.7810220154052262
0.6859268197228819
0.6881470732289101
0.7629119945582535
0.7660998108580639
0.7621337842079573
0.7695969497606738
0.7622852734582432
0.7606757102504148
0.7576566689580778
0.7338101048950842
0.7361078923715613
0.7613234905782499
0.7818425725587738
0.7568285270136321
0.7579208694917986
0.7578954369962099
0.7862555161760126
0.7807827664355047
0.7550749326282962
0.7463437839316126
0.7500196608300294
0.7575764472796853
0.7585969019449307
0.7440535587838271
0.7462773448895166
0.7439571174503441
0.7673256828813735
0.7794810405690666
0.7752486295989446
0.7401859910849456
0.7456063231410222
0.7445289040071511
0.7267176914822229
0.7406994635663098
0.7468912102118452
0.7613820950458112
0.7625891709956673
0.7671315877449232
0.8009978849539059
0.7668324878202005
0.7560801349709877
0.721591492089186
0.723745768191011
0.7244145944268529
0.7231332152419725
0.733080145785966
0.7572901390600798
0.7333110431749335
0.7318884114471397
0.7402448890499843
0.7618925940751835
0.7795773991423605
0.7761807950067686
0.7754952408866065
0.7765058200255828
0.7761563187620363
0.7763965079403959
0.761891863960059
0.7655538001436635
0.7642763689821268
0.7643068458348943
0.7643105305043522
0.7649394673333764
0.7760658379547412
0.77931064242212
0.775957162183774
0.775960413920855
0.7393291398837368
0.7473135769708456
0.7475558090498001
0.7350450484326623
0.7418650764805546
0.7487309291991607
0.7383930343182327
0.7688981502906427
0.770698257193243
0.7706887112739345
0.773337715691314
0.772327351251777
0.7404568708407303
0.7689180972533645
0.7445530198696814
0.760535583810981
0.7611604934995423
0.8000569084354122
0.801174488948728
0.8003035194165464
0.8010715753903961
0.7638985561819134
0.749524024719728
0.7504899288352923
0.750087285922576
0.7466975864220838
0.7471390910755408
0.783987071606055
0.7860998222704798
0.7849655957077031
0.7836958656196547
0.7816234728894101
0.7601915189069626
0.7599197513795305
0.753773785330976
0.7542158795582862
0.751066411614119
0.7510585464103366
0.7559436004750864
0.7609561994751203
0.750667232822176
0.7513735267341175
0.7615623472661399
0.7578916899394145
0.7579487560644305
0.7586837821378905
0.7636420470832072
0.7643908608792594
0.7661683786721072
0.7662006509137245
0.7676332096312024
0.7690832148522357
0.768993572340366
0.7695748005097032
0.7642044221322472
0.7699619480964559
0.7712251995588162
0.7705416022580466
0.7693649658447008
0.7675791934084415
0.7696779187034483
0.7700340233479196
0.7696809547850136
0.794740386190279
0.7858394503993398
0.7836254921783369
0.7836110059705725
0.7914096452085242
0.7931001888012736
0.7924217552609386
0.793678364113352
0.7925694037612663
0.7936468194450922
0.7934923925759327
0.794228958796586
0.7941463986288101
0.7932087826206151
0.7927794010666734
0.7943343820724239
0.7951303298784234
0.7923599638546109
0.7922379803143339
0.7895179568251387
0.7898051980224635
0.7928957945371333
0.7935763419394041
0.7947553147179218
0.7943453888541052
0.7925433744135276
0.7930192897619406
0.7922356025103078
0.7919792755574837
0.7914491083895197
0.7925023647433473
0.7927678305019333
0.7925792243316058
0.7979249726773971
0.7968473994063638
0.8001111627053912
0.8003921064033732
0.7953200768032797
0.8045383683539387
0.8031105251224755
0.802649216680155
0.8141459025602332
0.7972102923588795
0.7992156620713409
0.7991866592432044
0.7978729571845568
0.7995520241994654
0.8106157594514414
0.8111064444106989
0.8099911200915889
0.8102150155890453
0.8147359574664325
0.7711690336842839
0.7734365916617043
0.7725606826406949
0.7724720983199145
0.7695226160282175
0.7721971386337197
0.7733100082281784
0.772221122393252
0.7745976345522994
0.7773652545616406
0.774653308996269
0.7745625256074695
0.7554092162072328
0.7798845013655296
0.7909617803372534
0.7721084876858259
0.7747085181280895
0.7746799520433366
0.759211287194142
0.760970428774359
0.7528938413908838
0.7524205086186937
0.7683003754444128
0.7692251597817306
0.7681280781836315
0.7677156271231234
0.7367387074282781
0.7387123891431218
0.7439423006292437
0.7437250278495895
0.7741391297651972
0.7989920117673425
0.7989272110877029
0.8088365858595643
0.8058021849853754
0.8052362505411547
0.8058954699139703
0.8061504773516414
0.8087385140042997
0.8080075925682952
0.8225956422928713
0.7897991409464725
0.7892502399077782
0.800314046506973
0.7959340328582755
0.7808927888349759
0.7803279755619513
0.7808680459461574
0.7858519850944795
0.7891295467310698
0.7896834554889927
0.7845380852573742
0.8056276317012439
0.8105560568214553
0.8112793133916246
0.8179094998313085
0.8185493745421104
0.8183524746109933
0.8213736974758084
0.8211568200856104
0.8200262610242329
0.819900689011167
0.8225633107227343
0.8241851666809785
0.827212230907813
0.8283996033624431
0.8208249708374414
0.8214469323498244
0.8206309542745177
0.8228212345798684
0.8214287582093439
0.8208387125077796
0.821792054413963
0.8224303460396292
0.816566029325762
0.7801764873183282
0.7770807161497979
0.7898764125468811
0.7907317410102227
0.7846377166435294
0.7867297661683754
0.7866236568007815
0.7904537860622407
0.7960980788113395
0.7925422662324234
0.7936414814043833
0.7932750100604534
0.7934572454847476
0.7996238641542415
0.7938048928681021
0.7916315692328356
0.8346633677682034
0.8348714320734812
0.8348256384808598
0.8343535472060504
0.8114031145747568
0.8219202925622098
0.8120261462150141
0.8253052766228047
0.8296249532451754
0.8286260028380357
0.8279233373375947
0.8273902234121497
0.809029312828543
0.8064707350333874
0.8210298688021445
0.8154287795230505
0.8176303997670237
0.818068285761983
0.8184166262881267
0.818317336029387
0.8179434932079795
0.8204399658884717
0.8152820022400546
0.815565377124774
0.8194127855542844
0.8262085402864506
0.8170559534199583
0.8154768960897274
0.8146399231968934
0.8134866748211423
0.8134195030055016
0.8250184681381885
0.8249228947880912
0.8231908381534632
0.8239477121110886
0.8242297198219546
0.8258458463736962
0.8246141318101771
0.8451951072592372
0.8422797219096209
0.8416700817590822
0.8461432990080527
0.8460213578116603
0.8456897879197921
0.853001709685772
0.8647663933458712
0.86061103642098
0.8456334645328769
0.8472837382148588
0.8488664699018459
0.8488476258307864
0.8521544061860988
0.8481085251719335
0.8491556403955667
0.8516242539123555
0.85237285647137
0.8567026801297313
0.8570663129486851
0.8563348341866079
0.8569475506151262
0.8551958462579671
0.8571117350664782
0.8514714797390104
0.8517490241324032
0.8480656745524271
0.8470874277188102
0.8488773675734497
0.8474928507409555
0.8470703754080984
0.8470038525352515
0.8498819224469737
0.8457234100787941
0.8424733097379556
0.8437470309773715
0.8534861208866305
0.8522907063820598
0.8532811806691597
0.8545757071834981
0.8549297139618107
0.8534626131588947
0.853816375804614
0.8540224700091785
0.8638053380666654
0.8667515007187372
0.865450280882643
0.865426770926221
0.8622019714179464
0.8653886319310402
0.8655939504378266
0.8634487207406932
0.8400783707790307
0.8378607445086494
0.8399956496863203
0.841748528058218
0.8404269318537488
0.8418084830543908
0.8425761411774787
0.8423164720321337
0.8419790224423509
0.8379708968744228
0.8521424963697047
0.8390217449890265
0.8667403796172197
0.8666100277333803
0.8661637827806596
0.8678310533654078
0.8659315408733477
0.8551131141519935
0.8558769573301648
0.8590807580573498
0.8560221931604998
0.8542938234317672
0.8534716722150291
0.8567137872775736
0.8587925708083648
0.8510863283991759
0.8522179663030353
0.8498133171947074
0.8282611956179207
0.8238299827055717
0.8209256939444108
0.8411217063063888
0.8479412549942158
0.8054700440777917
0.8242278317826527
0.8111560985887738
0.8442967890200597
0.8433754743204138
0.8447098241699725
0.8496854164549328
0.8068974383843421
0.8086269344021915
0.8171829743210324
0.8170131971104185
0.8179657337219217
0.8186530769357263
0.8150710778053558
0.8176683905499676
0.8267436558836989
0.8291396912904858
0.8418730722836746
0.8428705848870764
0.8428816133737359
0.8206662353127274
0.8226498221473784
0.8301240776752397
0.8340454660767127
0.8391181774355799
0.8363883058003643
0.8368209823575172
0.8392433893378101
0.8400968334241191
0.8405228656596759
0.8407678470617952
0.838480501558763
0.834765870176001
0.8188662114375419
0.8149811423049366
0.8167912770359487
0.8217255667028995
0.8271022540112285
0.8277447159696172
0.8271419583902374
0.8274210549203682
0.8076434823129169
0.8071588336492483
0.8083613235369801
0.8071533219985262
0.8223410847225429
0.8226805802996581
0.8249863517100173
0.8236590562374954
0.807857312812623
0.8130928010734378
0.8170515860627932
0.8258831902284738
0.8183194299030885
0.8158096842201545
0.8102105114436818
0.818081888218882
0.8198405926540352
0.8110414815467981
0.8095394083022334
0.8295547625101074
0.825239007424574
0.829034418169455
0.8310898263211361
0.8334618253464529
0.8292141389311874
0.8311468105867384
0.8344057115721137
0.8371597658791682
0.8314519375013195
0.8316719371047616
0.83262994120979
0.8313726713704234
0.8317002283291384
0.8329292810010785
0.8288985108613905
0.82961281840988
0.82998408253108
0.8334106665268763
0.8372124296573848
0.8347217553929932
0.8381346997456067
0.8313778013575099
0.8319374066816096
0.833014103593517
0.8311053117422335
0.8335830542762951
0.830707139015125
0.8311453126126994
0.8348883863591909
0.8376008800947157
0.8344811575626961
0.849535628115863
0.8486070773418941
0.8496791796338118
0.8508691219875093
0.8295201646252311
0.8300740932854397
0.8545986556349963
0.856606545615924
0.8553842663495456
0.8577207280068258
0.8587065417974058
0.8561522454139063
0.8266660674115204
0.8250688145078627
0.8278194394603929
0.8525248819941212
0.8565398408071988
0.8555409120205736
0.8566798748841026
0.8535852717600874
0.8546054773798045
0.8542816329607616
0.8536465988888623
0.8530411475686559
0.8466529180788509
0.8407709822869887
0.8233379712764322
0.8246814708606364
0.8242390807897129
0.8088448009033314
0.8162607092836501
0.8273592759395108
0.8271951742008156
0.8172615207228084
0.8210134801530997
0.8198282050311385
0.8199578121679405
0.8199291176054692
0.8130609514010747
0.8141284633513369
0.814074152100115
0.8148530425001219
0.816814563030964
0.815228346277666
0.8140209121665969
0.796288249954968
0.7961823342661816
0.7970040979087265
0.7993660642035735
0.8379033958411275
0.8292809598076724
0.8197217077158214
0.8267531602446873
0.8267324048506927
0.8257620981256
0.7810896440129822
0.7845237145508794
0.781222705013073
0.7802087277464612
0.8369880550712103
0.8345472818033226
0.8318725109384837
0.832313989141033
0.8311019929026816
0.8432573418130106
0.8343163707246595
0.8361986687449386
0.83203514254746
0.8307506820545498
0.8329498764241587
0.8353598836892976
0.8344972227522665
0.8385654242310748
0.8348745513215932
0.832908255479763
0.8333717997203474
0.8312309426495306
0.831055318650228
0.8306019215678002
0.8293716559464974
0.8307525241265051
0.8296688425827297
0.821272235004075
0.8259540886676936
0.8229938435118171
0.8205073382113873
0.830241119283431
0.8286636661159432
0.8341227323679268
0.8366578620849787
0.8384020436292711
0.8383890023851412
0.8384328009913785
0.8383461443718936
0.8372609066487517
0.8369734975046281
0.8393236629133252
0.8007156749813926
0.7945613530943016
0.7937733273450329
0.8203696036106515
0.8181022277496962
0.8254983296465358
0.82963366825744
0.8278606967472513
0.827514376013351
0.8275389537004381
0.8250918213929656
0.8253480043841855
0.8251948547939504
0.8256952081019148
0.8288329693148744
0.8289306752502228
0.8293005040342444
0.8285743396119735
0.8274462626740766
0.8298662485959215
0.8299182698385577
0.8301374828719442
0.8318442008124763
0.8323937614610282
0.8352303671224401
0.8356164912743097
0.8339414596132837
0.8323467707504668
0.8352678697530387
0.8352865481336297
0.8325187309024266
0.8328477667956796
0.8347844368812958
0.8362265846834203
0.8356446083585377
0.8356963385628242
0.8329197688755764
0.832077115881822
0.8341309769112755
0.8349748408791924
0.8367045817512843
0.8359168445603201
0.8364314297978818
0.8424040250952227
0.836486989060256
0.8380761870435887
0.834406583467107
0.8348457415606728
0.8344774218647357
0.8346850560078232
0.8193405830668592
0.8199817732178438
0.8186979704669771
0.8179234555009791
0.8161364748240336
0.8064714457541925
0.8199303450893476
0.8310236637174233
0.826155947942013
0.8272400283682207
0.8282171748790166
0.8272266234993527
0.8267904899843279
0.8265485184263821
0.8247254371110412
0.8254628883824868
0.824558895378448
0.8251010670461795
0.8246369461692818
0.8268699324276662
0.827434424557475
0.8279685899752084
0.8259838825804027
0.8324949463475443
0.8211806554714057
0.8183914581520121
0.8232906118461042
0.8305085882676048
0.8176818231119553
0.8196677366842118
0.8193414503938878
0.8199424533121429
0.8190039945341179
0.8121844156809336
0.8159331715401059
0.815232471805419
0.8171716202111952
0.8172942455562421
0.835380034991872
0.8350819585283329
0.8351711983049217
0.8377122514964292
0.8371189469529879
0.8384253856424839
0.8369983049119559
0.8266204242941783
0.8356439204064318
0.8289123332092404
0.8277331395370635
0.8277069122215855
0.8277614780235
0.8309339929399173
0.8315051929630327
0.8346011363018035
0.8366606591544755
0.8321665470850401
0.8314396067051785
0.8318358454744139
0.8315571794219353
0.8318933939655563
0.8317723188332041
0.8337413090551581
0.8387750810892816
0.8335231778726644
0.8305663130434283
0.832551156405408
0.8331894945252974
0.8440978586761468
0.8353674528534261
0.8348705844307558
0.8329587957429714
0.8336158444276389
0.8322272571796661
0.8298002581811241
0.8301918266923353
0.8303960047950645
0.8317052940820756
0.8317953241891165
0.8382774482363655
0.8329450520718463
0.8301787594352009
0.8347358708808706
0.835087800134552
0.829165085965302
0.831405406897748
0.8263236020276996
0.8234224363363689
0.8227615507566951
0.8212025308933515
0.8251884399737005
0.825294508487882
0.8251804983346831
0.8272994458642295
0.8297198273443919
0.8296224705904062
0.8302793760057051
0.83012591443415
0.8248155766993027
0.8242042201925939
0.8227211100877643
0.8285724492364335
0.8263258534772666
0.8260123036650888
0.8270448030067744
0.8279550286969914
0.8286871501361334
0.8273204232129502
0.815380872366845
0.8246341562847834
0.8158020327343202
0.8400628266995165
0.8436286803054871
0.8435119555172114
0.8469480076758346
0.8479291159884357
0.8478004360811641
0.8476942620253429
0.8466637689050921
0.8510036646905895
0.8436812055924382
0.843171034540132
0.8453312120775465
0.8489560126250291
0.8498990419146586
0.8498179502269312
0.8453021482795623
0.8315605397143548
0.8313746317866884
0.8349509945612612
0.8287087190831259
0.8326767278864308
0.8322188422118919
0.8322237071689917
0.8319759704313013
0.829847776754255
0.8227558877906285
0.8235181221429775
0.815960248288049
0.8283305574829108
0.8139873791952221
0.7838518969317163
0.7880771375623364
0.7847618154057786
0.7846584633013441
0.7828119130911076
0.7996363859004548
0.7985875535310699
0.8086385942584571
0.816552989317473
0.8340281680148276
0.8344486133086617
0.8337132668728074
0.8306906346205877
0.8333450307866106
0.8350133628119074
0.8309288425496347
0.830590590193496
0.8281949764850474
0.8336073598117597
0.8357203006989405
0.834995842898425
0.83734134089061
0.836227141319526
0.8360764155481747
0.8309036901855689
0.8339579444400557
0.8335974250938886
0.8344194381199204
0.827100614390366
0.830943106858164
0.8350520102835879
0.8293301238673008
0.8296769405936731
0.8183083771809629
0.8186754124893836
0.8216211328791039
0.8173499320299275
0.8169725258902666
0.8170761863560345
0.816191018706267
0.8184508578787196
0.820919505354811
0.8213469855798803
0.8220395969861709
0.8226542287878919
0.8220506970030612
0.8228526921981912
0.8302711704081914
0.8290708686992841
0.8290968475981623
0.8283166812434382
0.8279923736219832
0.831516768411211
0.8333809365124074
0.8332953559131087
0.8326041218406058
0.8341391745388577
0.8400858629138563
0.8292514339242271
0.8290686082500239
0.8293416557446575
0.8292829517258903
0.8299975334689287
0.8311482496203666
0.8313805810376831
0.832256444871241
0.8316892812690891
0.8304748915921008
0.833049290655824
0.830651853739762
0.831624805294219
0.8320093675332229
0.8320749356134435
0.8326806888330404
0.8362244836240167
0.8376004537520456
0.8388105365458844
0.8321151913533613
0.832217226704615
0.8326928338967705
0.8327956241035918
0.8309123714977271
0.8324711595719506
0.8311204514805179
0.8302205942658546
0.830113698629096
0.8124771838055526
0.8205426648231053
0.8219658281149458
0.8221347251463235
0.8220356847473105
0.8264376759047743
0.8260514782030669
0.8305552359576402
0.8269863504491106
0.8226023709383927
0.8247414332398034
0.8132833678817946
0.8160954494372386
0.822641837212491
0.8245670272010773
0.8273487595828304
0.8296460029364101
0.8272603899083631
0.8283511020915545
0.8263574033420666
0.8256910550877159
0.8215269408454406
0.8207264772347773
0.8199626789800183
0.8146154792497797
0.8137972564131479
0.8141989679552566
0.8122075931087445
0.8357840966966767
0.8354378393050307
0.8355948163672661
0.841154345104481
0.8392667645666164
0.8147097746511601
0.827974007269507
0.8268296992968864
0.8298429287672126
0.8291551054053911
0.8289727370946246
0.8291159859315175
0.8334551093272581
0.8312468808382235
0.8303621029856662
0.8326226133286747
0.8303090533074533
0.8286505360484395
