0.6578005049130099
0.6638227221716215
0.6860018319817222
0.6863356220333329
0.6874757393595188
0.6907280095628974
0.6816520569764263
0.6900879507373088
0.7027273681486134
0.7045753540183652
0.7044640092567697
0.704597947566167
0.7049527543528991
0.7055361480430247
0.7057301288145211
0.7189321179945225
0.703704665385178
0.7056572810991765
0.7203933912527941
0.7213206277554198
0.7199737058109121
0.7201234640871639
0.720719863833777
0.7226986460204392
0.7107814347466697
0.7021422166393053
0.7023605350454801
0.7017717290814148
0.7017613584241311
0.7009114936647968
0.7009292716205624
0.7017999193329328
0.7041638492696364
0.7100387692805955
0.7095079727195246
0.7102472464078342
0.7402185090199124
0.7433804816196852
0.7423325604615186
0.7438633385752008
0.7431384810492928
0.7433361684687488
0.7425836565391315
0.742779370204061
0.7429295211638607
0.7486500633317269
0.7378588331373599
0.7372834064711578
0.7344307091871508
0.7466183618906567
0.7473829902163153
0.7472376182430585
0.747721669408675
0.7477039135994562
0.7526410356256598
0.747794197044001
0.7480820417340847
0.7500119004709684
0.7655903298856067
0.7656773899208178
0.7665933895928789
0.7671308097157773
0.7643995341599353
0.7668166163856358
0.7548607309354625
0.7586980811886322
0.7596892273309594
0.7587795295026569
0.7595071366322985
0.7583848165756946
0.7640755884437059
0.7629214206275199
0.758771981278677
0.760747654819807
0.7609940779566255
0.7597656089783664
0.7596263677728852
0.7583282525248194
0.7681317802348165
0.7677743649348316
0.7675554363440158
0.7691690309170354
0.7689987772417756
0.7818748235661418
0.7799811598614804
0.7951279050850288
0.7972353122021538
0.7970840089998756
0.7968725533246045
0.796862779384427
0.7917261218354272
0.792123690842386
0.7927033677577577
0.7920557621974175
0.7917043285799069
0.7939030030479759
0.7931739764263401
0.7938926454824485
0.7961493454891255
0.7812270974670996
0.7813997380829713
0.7853760827624671
0.781213795264995
0.7683027992606086
0.7666800937713405
0.775891154965967
0.7756052181950456
0.7690884645207572
0.7693761306120378
0.7667342325610973
0.765135950604932
0.7655592300741488
0.7673160863894612
0.7683241272470597
0.7681515768504792
0.7656082027277238
0.7653195387893731
0.7612138933392888
0.7613655424207091
0.758950827556734
0.7593625710518487
0.7655191163966247
0.7611655524339648
0.7682625010664081
0.7812030183336326
0.781306846552497
0.7809170898315156
0.7682562532719291
0.7682639443158519
0.767402120496494
0.7673771624584657
0.7658280492633793
0.767770671705272
0.7675280636811781
0.7600264904024993
0.7617476973264269
0.7613828557090936
0.7597954355047721
0.774360481242867
0.7680371991011691
0.7622242504056117
0.755556043591631
0.755216106159817
0.7664688706948828
0.7607449201517957
0.7008470874049921
0.7023733476462865
0.756855773660732
0.6880919711297702
0.6840718890687429
0.6843684128120903
0.6828190908511319
0.6963452155490969
0.677243187764783
0.697370758598177
0.7698348291038108
0.69659359999281
0.7061457707598313
0.6931515698192925
0.6932735156295404
0.69719823017882
0.7020720100188603
0.7017107910408725
0.7016997731604349
0.722710695927881
0.6998153030459157
0.7050534850649064
0.705342690706485
0.7055557640387377
0.7051624411945714
0.6997243106111757
0.7728694382106855
0.7002678664604922
0.7046513013827604
0.7072922356248175
0.7198391960645294
0.71984788490475
0.7071686939299224
0.70723838268024
0.7070922764288488
0.7777220069123475
0.7135833548363271
0.7133336324924656
0.7815353009523908
0.7108621968117625
0.7753310300432772
0.7681125445844428
0.768827365845297
0.7683842829251862
0.7130879024482148
0.7125557969253999
0.7179864859913887
0.7009026308147747
0.7008046986322363
0.6997424746740202
0.6994622782235559
0.7160081045015785
0.7168550709224651
0.7387436121969145
0.7172400182901021
0.7172802106021227
0.7409240056881786
0.7185845064001064
0.7180575695480629
0.7366878300156285
0.7383282143903297
0.718082596009593
0.7181026163216861
0.7184914468346723
0.7322423806640691
0.7195709919474067
0.7172403015404633
0.7162447145314895
0.7149785293635922
0.7156428659408036
0.7143663302970883
0.715211052681018
0.6803263047239869
0.7207402301899579
0.7219427286864897
0.7215376536258454
0.7214281458614397
0.7195423241069918
0.719510608059992
0.722232392645265
0.7894107118427417
0.7868796728974934
0.785772462891623
0.7888966874344564
0.7822401334894924
0.7823339120434509
0.7820590599180147
0.7827337600047825
0.7858755818010199
0.7853642713508818
0.7837695564190968
0.7843384750988478
0.7856565891849406
0.7863620766741486
0.7862069349490448
0.7695462492893941
0.7700789772817909
0.7739022660173516
0.7699150026337201
0.784289631062509
0.7849215127166276
0.7333838886904087
0.7247356984042598
0.7837224225337812
0.7838777573641311
0.7291519137282467
0.7286156235168577
0.7307613129053313
0.7317438455102678
0.7039915234300331
0.7111151672315882
0.7107450944150496
0.73536539023338
0.7334113238909662
0.7310729759760013
0.7316596810191848
0.7343456295664917
0.6860892720036392
0.7421079763366354
0.7437767830066209
0.743981660790715
0.7498286042443797
0.7498398263933471
0.7502914227725583
0.7505214012965897
0.7554367251075926
0.7554423205103646
0.7452707560480498
0.7675560917266667
0.8067375116083455
0.8075154958438966
0.8077598193775852
0.8075287999349426
0.8078267618583937
0.8188219704501368
0.818948071029235
0.8276708457035238
0.8275570367248365
0.8234923649845401
0.8136149920846005
0.8149599145296414
0.8106561150725671
0.8219139733004123
0.8003214161199228
0.8019399376738631
0.8035605887812525
0.8046798261103395
0.7903621178823206
0.8042905823401572
0.7976599048249567
0.7946291692083495
0.794580891431815
0.7946769859758583
0.8026888094464246
0.8032798436293063
0.8022110163582563
0.7993147436268555
0.8001208759867544
0.7928030044931057
0.7910014664016135
0.7866355378590346
0.7897061220851934
0.790329625604835
0.7867285420813961
0.7868304317222169
0.786621742919576
0.7868571013648977
0.7867820260842628
0.7863260998743449
0.7901405034898847
0.7894061614986895
0.7892515530065745
0.7859211603924512
0.7925659646821562
0.8069113429143719
0.8188870119790687
0.8086144005557471
0.7978295141604613
0.7971540648507236
0.7980049122870961
0.7993863119846053
0.8020185090875012
0.8017602868170113
0.8017012824001617
0.8017671384564654
0.8012611901240345
0.8011206598068706
0.8092967939954575
0.8013580398791049
0.7974256036092215
0.7962372791407328
0.7954447100550586
0.7963703106555629
0.7978267965629159
0.8064310434421812
0.8065932020755135
0.8074667933339416
0.8073370591465161
0.8073802504049782
0.8115317035647287
0.7739507027694151
0.7828007245398048
0.773879084302716
0.7724472569285882
0.7737948600667113
0.7733981969418939
0.7755824279794479
0.7751228527034356
0.7981321792537989
0.7959706322335839
0.7958870000899526
0.8049697872290925
0.8055135866312877
0.7966622410939129
0.8091881576064979
0.8097453447468811
0.809489838771419
0.8098517665531864
0.8104222617221748
0.805290118339655
0.8061433781654821
0.8066455716305099
0.8065905521900246
0.8068059088691054
0.8069980807736387
0.8033608261925762
0.8036058003640428
0.8007956059351524
0.7999312905100622
0.8003629851408416
0.7495349624310539
0.7516375791283113
0.7560169092726479
0.7554366298846293
0.7552782998833024
0.7513683761314445
0.7508284830773976
0.7707846280533963
0.7602286135368953
0.7598574704117018
0.7600438403259645
0.760489826326022
0.760889223053841
0.7682343722067382
0.7630743405742748
0.7631072408233545
0.7630921129364467
0.7777326115092233
0.7772998789101188
0.7773595849052848
0.7774139802553252
0.7779502922085625
0.7775085513563722
0.7891964369800888
0.7894031671444267
0.789540690693465
0.7900579769895558
0.794261449040484
0.8037901556661743
0.805026915454973
0.8046503299257316
0.8070419446151224
0.8078253920555871
0.8351954089966487
0.8378200261616483
0.8391802689608426
0.8413973129972643
0.8419390106910972
0.8414920596408118
0.8336067974820048
0.8336012090357086
0.8341309962209801
0.8333110477279134
0.8347333238703111
0.8342520989304874
0.8256202809530976
0.826288527593456
0.8332733215570616
0.8375169602170476
0.8224667569104037
0.8165528023040509
0.8083276600493735
0.8226052040890082
0.814898588652813
0.8186347626706834
0.8168778194634839
0.8141620058847155
0.8141835953379345
0.8238519904779097
0.8272413046846002
0.8298046529327798
0.8286502523713414
0.8282176198018171
0.8318440714293738
0.8284024165567435
0.828177496757527
0.8435092833867595
0.8278063257062463
0.8211149132165748
0.8250576664009895
0.824628276973672
0.8289905794753758
0.8265504448891933
0.8268524371962275
0.8267190525789069
0.8267613552912333
0.8301484258412634
0.8307842522233164
0.8331845975212665
0.7903517457790549
0.7905080366619164
0.7909843420368884
0.791002001554758
0.8019994431386888
0.7899851252230571
0.7916800614909808
0.7915257735912645
0.8080195475214279
0.7923735248922094
0.8066792607543962
0.8093501774597898
0.801428830022451
0.8052139455399823
0.8068190358004695
0.7983076917135625
0.7994842741725933
0.8059162228809394
0.8021006631214862
0.8087709414814471
0.8091988044970527
0.7926011493936703
0.7951695511479542
0.7988443792204957
0.7986977094979288
0.7914541239651776
0.7914600712167912
0.7979348133535912
0.7961492447787406
0.7964060886312642
0.7914721934654123
0.7936073540880276
0.8044863911482296
0.8089560964457457
0.7975664146905626
0.7966505163857872
0.7973951985923449
0.7982498290088784
0.798430169280436
0.7983642349277295
0.797804381387178
0.7976425453474392
0.7976846591204714
0.7977832337937372
0.797747425663464
0.7975993638375047
0.7983133247714511
0.8011169306328996
0.7971026828620233
0.7972101997972622
0.7992769310224248
0.8276068416802557
0.8268115289200016
0.826961001880281
0.8387510139019231
0.8389153318563736
0.84262579381839
0.8321040650587713
0.8309389810386894
0.8311819897771922
0.8316711103664005
0.8313133012834013
0.8368200516925606
0.8329212318942484
0.8482097854644595
0.8315235793533476
0.8531510201833389
0.8435881666529746
0.8318343271554335
0.8320970207791422
0.8317205043853759
0.8317283540245726
0.8316791761147196
0.8441010390796756
0.8474770950957485
0.8475433454874156
0.8472868818804921
0.8315677798469331
0.8303185357897511
0.8453092914358348
0.8303664324959531
0.8325364316565239
0.8323139590623699
0.8451921207205643
0.8571527963979866
0.8441226212498326
0.8599324520843323
0.8460131328215509
0.845680716558289
0.8382792345965062
0.8384344545114529
0.8608488384748113
0.8608333009874202
0.8713446270659602
0.8715159208401947
0.8711391579908485
0.8690830159312459
0.8693327165011845
0.8739428367039666
0.8693866985097402
0.8697644931736608
0.8743267467167938
0.8837253647760674
0.8517027863701085
0.8643976116053431
0.8340032376948812
0.8423510729776239
0.8707467618470274
0.878306646885591
0.8587336999007196
0.8590055412827761
0.8683875866919816
0.872824955209368
0.8744599984710106
0.8844340280282272
0.8898282293007514
0.88969291541475
0.8910790440656075
0.8746797606715571
0.8759851590628271
0.8701977475409088
0.8901214097056316
0.8931717188968199
0.8871453028887942
0.8885487737072598
0.8865345547999797
0.8868727817190079
0.8984274791352064
0.888337861796274
0.8890652983860964
0.8891964829480261
0.8894172037450289
0.8893503334285126
0.8889317776184045
0.8889773294505877
0.8709957697427073
0.8726649198510417
0.8710288590651776
0.871096104324666
0.8711368181416778
0.8697302769531889
0.872680535476979
0.8706271650157024
0.876112751521978
0.8866182103197644
0.8852456905032856
0.8786966050403393
0.8787979217777324
0.8849269248191626
0.8929974609964959
0.8814170084400399
0.8726336610290906
0.8761719137476107
0.8675708213180227
0.8547721749117028
0.8551293662404958
0.855239953671789
0.8493946870923125
0.8511817096538241
0.8485277776334937
0.8481845166084612
0.8463734829880499
0.8463297761180358
0.8548340293622562
0.8529941039899575
0.8565793603729303
0.8669450850257683
0.867122549112494
0.8915890161140203
0.8928862154205107
0.8918826112473013
0.887348701429493
0.8878960181533497
0.8880234231112122
0.8814917893263275
0.8823293751070646
0.880431491790265
0.8808417501886631
0.880434165234926
0.8807103346753865
0.8810178534885725
0.8901043433342859
0.8807189287616347
0.8690988327073089
0.8582691316143668
0.8603444754633355
0.860427817046218
0.8495168718066748
0.8536121770456567
0.8635567277540604
0.8686442808166511
0.8709124340006797
0.8707276671337197
0.8754579809042836
0.8662588213261042
0.8654786936289602
0.8626864435239728
0.8671847909196824
0.8674472515982018
0.8671911693178362
0.8678230024333895
0.8783180071913053
0.8735193787039918
0.8699790241309051
0.8696287327132095
0.8773379414884238
0.872976464121247
0.8660129968041627
0.8659236919528287
0.8690375660606379
0.8811937645202532
0.8837083205604961
0.883823620908969
0.8864083873499122
0.8866443404168781
0.8863014800842403
0.8884604223865527
0.8886435751882882
0.8885102678768918
0.8966519140688549
0.8845328627596147
0.8908746642752298
0.8921531401722184
0.8853916759751563
0.8934758864979435
0.893792578655523
0.9035433401318753
0.8923170346886176
0.892484796610838
0.8844891236218144
0.8847926186210446
0.884776512915131
0.8854272879709842
0.8855042465721255
0.8911383147882737
0.8910588124679119
0.8907292324295089
0.8910832499453613
0.8914734641258176
0.8915612554748421
0.8843410361606823
0.8842902678562732
0.8843370111412575
0.887501679641434
0.8877521842306356
0.8878339956074595
0.8841392255392709
0.883936226506211
0.8916568865965343
0.8341187102021594
0.824468592009476
0.8323449295237932
0.832376636997501
0.8324417372964786
0.8321206135472754
0.8378129386633694
0.8415185741812553
0.8352321832260075
0.8341853443534833
0.8320892049148049
0.8312803866548962
0.8314443274716804
0.8317226854646098
0.8315265290477203
0.8427025988142235
0.8298895457264963
0.8358356788511998
0.8373875997197614
0.837209003225716
0.8290051590905769
0.8371694589476788
0.8372249655234013
0.8369703201438827
0.8414781808094849
0.8420806758446299
0.8085808346606157
0.8213811146183994
0.8216475348190732
0.8307998027095996
0.8302322377457896
0.8345314669260373
0.8185512472640761
0.8220510942893613
0.8145004843049551
0.813794933480264
0.8144963996068326
0.8171946718933663
0.8049981256298087
0.8183327300741368
0.8080793754043215
0.8080987712696286
0.8119318405810714
0.8274528266398491
0.8286234290085106
0.8284757361529809
0.8270124029869917
0.8118474561948849
0.8106984857575348
0.8106814566123285
0.8143278028945298
0.8261824478212121
0.8295492895730732
0.8283275117767903
0.8255614673442824
0.8331695798339004
0.8328332833868894
0.8322275805361132
0.8373737076988268
0.8205998203680949
0.8322186207951907
0.8236964506343439
0.8277087610384276
0.8248722570461565
0.8246479537333142
0.8269696001824639
0.8270349418025799
0.8211428925818007
0.8272707703437281
0.8273130851312109
0.8393227665289911
0.8342358092953057
0.8343222632191539
0.8448443671202188
0.8356058786245685
0.8328384130683477
0.8344837919024286
0.8345266708403049
0.834511656948119
0.8341395303564083
0.8341109291674554
0.834460016804783
0.8759207258040119
0.8413750981844431
0.8415463782661313
0.8342814453621888
0.8345716519948464
0.8295790805222862
0.8616009652303874
0.8609605129347054
0.8611258893530116
0.8620481601994245
0.8616094952879636
0.8574211489971701
0.8611123146235098
0.8607539250690016
0.8586545889136489
0.8524429600483764
0.8589861322318278
0.8664900815640427
0.843014666404089
0.8416336549745251
0.8541732419871039
0.8539654407653569
0.8518547588240558
0.8518118564244641
0.8559593187690344
0.8676906835475808
0.8676400496037033
0.8677225277824995
0.8594986199571454
0.8439167694959564
0.8483657894730829
0.8396601802329715
0.8396435902724568
0.8458504518094653
0.8108389587351562
0.801262215166413
0.8010408420775682
0.8013809400138849
0.8038638583925949
0.8042330622536108
0.8080053165141666
0.8079721890466297
0.8132014815695948
0.7934314174248053
0.8125436560377106
0.8126793232198811
0.7893199724932916
0.7942377885674224
0.7941681159054751
0.8386627886608421
0.7890009079065692
0.7893216566419563
0.7910018299515091
0.7909774009723392
0.7900804094221804
0.7884117036276099
0.7832112198175893
0.7987523158372706
0.7924113365764915
0.7953522521425737
0.8073696649480145
0.8051968402294404
0.8072737817042943
0.8074281732930978
0.8073121258197373
0.824891854984756
0.8228164203781324
0.7996111810841453
0.7973635486337954
0.7978798656113467
0.7997632268639316
0.8346652670903962
0.8377867375097537
0.8388856447302733
0.8414803179651085
0.834747638115517
0.8344200115391615
0.8177301074214818
0.8159036101180749
0.8177729977122729
0.8253546044263574
0.8251598688456324
0.8245535468752136
0.8373221715546945
0.8171433545734144
0.8112123728039341
0.8110896181955212
0.8264289025669395
0.8244528037933644
0.8396289000958282
0.8421215840380938
0.8437046973322484
0.8406145566495503
0.840647787947643
0.8466633326728664
0.8597184665082872
0.8577162454495815
0.8590224088267577
0.854102458850229
0.8540706069240337
0.8540407945745202
0.8542321518802033
0.8539086506515623
0.8549685175019535
0.8550152156959541
0.8586859545138178
0.8507581887322407
0.8319118285685335
0.8403527694995498
0.8397663841194104
0.8421053393714393
0.8428803446032757
0.7821686895656795
0.7856412322342389
0.7813903007649473
0.7864469985237831
0.7863648328796291
0.79903320921143
0.8489594940275617
0.8491440462212531
0.8659749722091595
0.8306099029715994
0.8702358141072236
0.8714232889871955
0.8720875775768924
0.8793505172778705
0.8791071085866257
0.882982868625614
0.8881161092434928
0.8717733865522651
0.8807971522954586
0.8824775548845952
0.8817013143825364
0.8822392970017521
0.8824369413954193
0.8815990523103305
0.8816368417933262
0.8817243398754192
0.881795786506392
0.8816419720277717
0.8816885803677773
0.8689397393054046
0.859350323162607
0.8617562848344821
0.8628315973304551
0.8629519543876998
0.8758102795231781
0.8624654471918232
0.8626997948107049
0.8641192615190153
0.8623393956697435
0.8624922640208952
0.8620621230127716
0.8636904880131523
0.8464749027771239
0.8462549642374643
0.8466376818617345
0.8467998577545962
0.8505263992991321
0.8461881842902481
0.8590766014083769
0.8626225116170614
0.8625836480042001
0.8623390192606284
0.8600997113401215
0.8533750805668853
0.8532783481566347
0.8661316489078005
0.8664356384825489
0.8554641480407702
0.8536149692038122
0.8663459606634021
0.8735041955970558
0.8736047070679783
0.8615654418647072
0.8616039298708451
0.8767444290888518
0.8677215616813309
0.8549187210799225
0.8550999184030295
0.8566758527839152
0.8615546810725174
0.8645953516395433
0.8618953635120694
0.8731383496684956
0.8732898860457097
0.8728031770912009
0.8639880316525549
0.8798710025642077
0.8798015726888426
0.8317712449009315
0.8386601186528614
0.841429072648497
0.8457336559999662
0.8477131801551413
0.8523227171738125
0.8524335160598842
0.8485457432566875
0.8553004932658749
0.8541722599996225
0.8504904020755556
0.867497860003527
0.8646127854089518
0.8488279638889937
0.8447443357391645
0.8620846939652483
0.8619556565064379
0.8617191375686531
0.8505981353228778
0.8393709513182128
0.8354744501407403
0.8387168755890083
0.8407556434922219
0.8569614246007318
0.8576510822851121
