0.7208083984889644
0.7502026165031112
0.7505551103513303
0.7695203528674488
0.7680423281606692
0.772478248036403
0.7676685173174526
0.7687944771014047
0.7687242608234337
0.7688272101907138
0.7769727927816266
0.778966553406588
0.7738787332637527
0.7704296679825975
0.7810228789091049
0.7820304782853362
0.7859863945518785
0.7819525497295026
0.7819692298526114
0.7983329310759403
0.7795767015277578
0.7797574006211994
0.7869591515627677
0.7835648695446833
0.7832421773491225
0.8145491088497637
0.8146476922158453
0.81416933000268
0.8141828495506528
0.8225423582269599
0.7916572167717071
0.7962200864481237
0.7909708760822598
0.7947069908630022
0.8451192094127877
0.8483696426878231
0.8008295139454102
0.8052499793052722
0.8321404102595947
0.844316833368306
0.8441392623215012
0.8532319750980655
0.8435066134523687
0.8435668128406507
0.843950035407176
0.846024066861231
0.8011656272681295
0.8218373170406437
0.8219403579333906
0.8217072499328024
0.8285788915429397
0.8047777903058309
0.8047495127227748
0.8050368314335181
0.8081139726575071
0.8307416734960664
0.8306432456771691
0.8358832518537617
0.8358714255701074
0.8359270378337377
0.8357863093814635
0.8368315989497476
0.8371433893892873
0.8371606521708738
0.8397846306837559
0.83788020751152
0.8350439928281089
0.8347656561629676
0.8346140460857935
0.8305158171736484
0.822048383551806
0.8219204965129747
0.8222941515350343
0.8353667664196485
0.8223269198554654
0.8222958427111163
0.8243173414907868
0.8243362521908445
0.8261609136584779
0.8191957182066941
0.8228858656724763
0.8195184879718617
0.8195263999677105
0.8201596993201272
0.8278884952390213
0.8260274518379557
0.8292902747646004
0.827371819963097
0.8274216044057717
0.8263766546256132
0.850300547109384
0.8251095278389546
0.822647447864281
0.8209345284981742
0.8212054845785519
0.818317232279396
0.8219703744437494
0.828236686138624
0.827312560599191
0.8276986991588523
0.8271872475330883
0.8238670637692651
0.827130327646815
0.7987567871512475
0.817918602145064
0.7989591829079299
0.8098213183598152
0.8106426319866988
0.8097067715682853
0.8100076938444414
0.8114746895979713
0.8121687892519464
0.8125728269482299
0.8285233114029121
0.8296240486525744
0.8301678950249309
0.8304483957678546
0.8317253949498324
0.8297181828196911
0.8205271207547706
0.8206734603335352
0.8208317672405081
0.8181590536609213
0.8125835421943015
0.8140189345720233
0.8133688935162392
0.8041147793681284
0.8034977722654434
0.8040088699317696
0.801974606825616
0.7985735592747609
0.8128950269179182
0.8116819321418122
0.813215976622133
0.8142446123219547
0.8153426043049729
0.8163226752128646
0.8123251523295711
0.8121393425127724
0.8128546454513937
0.8110955418394157
0.8125391668615716
0.8171467308979786
0.8154582952155219
0.8176871464521026
0.8142317877827422
0.8093368549505576
0.809212925998622
0.8102580696995842
0.8111219493713283
0.810853427145397
0.8106466901648343
0.8096987753590311
0.8086780376270081
0.7913581366475384
0.7911863739856163
0.7908289530155478
0.7988092208806016
0.7985860803788161
0.79874890531467
0.8079210508200084
0.8025169449290367
0.808851179028256
0.8091772575791083
0.8015410276673811
0.8004481877981374
0.8015471585889948
0.8001315521108409
0.8002587906859975
0.8018070751013191
0.8114911713789916
0.8119899110406952
0.8096050050912267
0.8093155822793291
0.8081809126353666
0.8105792400238067
0.8124431332424564
0.8220017392011547
0.8253752637573316
0.8235171767190671
0.8224636536853286
0.829348027100847
0.8145219862022035
0.8099074630802438
0.8122947880272108
0.8221721986337917
0.8228165121282219
0.8223234105921682
0.8222872891246777
0.8230134478488912
0.8235775802752564
0.8242945739595906
0.8234289543743448
0.8241265535731306
0.8250861320258186
0.8245684437502387
0.8231082443951558
0.8208409534845674
0.8213176703287015
0.8193511269485161
0.8251853534443923
0.8253254960566022
0.8247644317350458
0.8255463319252123
0.8241070321077134
0.8241526049964788
0.8225120012977991
0.8226255666807893
0.8242351469004809
0.823119554689011
0.8243247758203043
0.8232378473735406
0.8233518556889698
0.8233833444214943
0.8256057613919763
0.8292442896034987
0.8275792891861893
0.8271438741231233
0.8270956231259103
0.8299575228612821
0.8279139797705339
0.8294971720333078
0.8290773298681029
0.8293217482518632
0.8285662815123177
0.8278815565888018
0.8291415651131735
0.8277190703174014
0.8291910795031848
0.8244563285430373
0.8243144945391536
0.820787847057797
0.8212454655495408
0.8193414491020673
0.8189507390077296
0.8193262792138317
0.8220475140775771
0.8229750353894643
0.8226027309520578
0.8223484793939536
0.8219111723841334
0.8167639413742263
0.8162200374338615
0.8173707724568072
0.819851573934097
0.8205567227914783
0.8377063711929058
0.8391213051197476
0.8371546350037257
0.8456331291354842
0.8343641356183141
0.8358670083474128
0.836724605620128
0.8360725676155426
0.8343104015755076
0.8342317081038175
0.8346183998204705
0.8393063210586781
0.8391209983877178
0.8276820392555261
0.8278611114514234
0.8278113182953631
0.8278644089111544
0.8401254568025858
0.8396929926592576
0.8420312097683226
0.8467355377453446
0.8464435410022634
0.8456685099484395
0.8380088283010768
0.8508822161028944
0.8397601005008305
0.8402653650679395
0.8451056208732013
0.8403034037535814
0.8418056661759139
0.84031417669352
0.8442715582640207
0.8594052726232871
0.8518221942904584
0.8506568679497474
0.8509212572740976
0.8473202041401243
0.8483027870230779
0.8503458915978244
0.850159802728212
0.8480175758466107
0.8479497597947223
0.8468573374925865
0.84591400943193
0.8431969138339346
0.8434839956372966
0.8467002821429072
0.8543228230798897
0.8543292067337627
0.8546176085859223
0.854898413818135
0.8545442638588632
0.8542568510786691
0.8556023264343706
0.8563950830951854
0.8568548480006345
0.8568788978046353
0.8554785602928687
0.8416686466014504
0.8428917794543588
0.8464129900207288
0.8565639802867382
0.8539275205688823
0.8534308372524402
0.8564744652638554
0.8570287061593111
0.851466533974686
0.8511090742097166
0.850516829476788
0.8519834656287748
0.8496808098537922
0.8511333287887577
0.8428543191418428
0.8451874984327093
0.8445340409511872
0.838325653644852
0.8398989416343869
0.8407876056651529
0.8408524906271854
0.8360289441585471
0.8350526881408765
0.8354580898826129
0.834112228009018
0.8367715876011727
0.8376449511719595
0.8341885695483341
0.838326856337289
0.8340469017127158
0.8343650367425859
0.835000815568195
0.8342669196643816
0.8276845532664349
0.8222001109918299
0.8263097073301631
0.8294979093853748
0.8280740545226978
0.8296175049622104
0.8280522396536703
0.8306541453453115
0.8317523576885795
0.8282749999537274
0.8278601909333263
0.8419507028500499
0.8426073226104418
0.8617885914025116
0.8592369052837125
0.8638608326607315
0.8650660648267817
0.8496449055617422
0.8478738865626108
0.8444620073880816
0.8459890466657074
0.8443705590278838
0.8439091667206634
0.8434451573813209
0.844396203040708
0.8434901212131597
0.8417911453010418
0.8423472743975119
0.8422717010921479
0.8414147930904868
0.8317164043674571
0.8205732584516243
0.8099737462605606
0.8133797187745347
0.8298371584663568
0.8316145808723261
0.8311947116601448
0.8296288056258427
0.8278768139186935
0.828116763910819
0.8292622902469009
0.8290787887849694
0.828473739170096
0.8292260836684107
0.8304926349303561
0.8310110816517299
0.8428086702252153
0.8454626387918296
0.8443209053369073
0.8377177863731379
0.8416347190076701
0.8537511980059636
0.8393603130076039
0.838197835226209
0.8384799490021199
0.8381015826620968
0.837081857892172
0.8361608662664739
0.8373689244836949
0.8360016235104454
0.8365266226036373
0.8385103156336062
0.8671113561357403
0.8663305057986213
0.8664926825660634
0.8685150160871723
0.8555784241506309
0.8672996580493905
0.8669524629249508
0.8657465091954762
0.8545210411857795
0.8652307773270198
0.8537433546706711
0.8533312985744852
0.8555723758388512
0.8556678744711987
0.8569092814261111
0.8572485321583048
0.848537401626337
0.8502311555810814
0.8573150082292432
0.8500212519014809
0.8503287233085501
0.8519562559309449
0.8514371579720672
0.8509545778959835
0.8502084215188387
0.8528613436276873
0.8535227941415344
0.8321875843477756
0.8354482608676715
0.8370806824483851
0.8367434894711403
0.8498254273087722
0.8557678291302928
0.8521613511240915
0.8490542110589746
0.8500837724214778
0.8498119054860432
0.8466033615524765
0.8469933362124289
0.8486629808573481
0.8491378424044305
0.8480454698669088
0.8485452884567221
0.8474284329425423
0.849640754997173
0.8687779501526011
0.8689125958843672
0.8658636121211456
0.8636618018384138
0.8677875043418308
0.8704726651067383
0.8712412955241475
0.8720082414364372
0.8663602015151792
0.8666662724528386
0.8678163067245588
0.8661359787464346
0.8718652859299081
0.8711360393343939
0.871402899314633
0.8713217805185184
0.8656743585207844
0.8493883759354588
0.8526402507839493
0.8559768039193589
0.8583464725112409
0.8644217514541471
0.8648785825536704
0.8643118535776974
0.8636076282723452
0.862075338045132
0.8615904414972435
0.8623071334654476
0.8626580493002677
0.8733487187686162
0.8740378632198925
0.8767568507596935
0.8762420902344913
0.8777629941819293
0.8761693739306958
0.8654337355561282
0.8665500345908125
0.8646348833702957
0.865285069850962
0.865319695681925
0.8659313450290316
0.8614446318178929
0.8598121249413594
0.8620747927197596
0.8626247645293094
0.8600450419951555
0.8593278660243053
0.8603568164757812
0.8655307528187467
0.8660736752873474
0.8668573282871795
0.8661115064251667
0.8672716650412854
0.870504524721865
0.8690188891864543
0.8658382232451144
0.8661778498635962
0.8667947435774255
0.8656604631642336
0.8647619498195168
0.8614619245788145
0.8628157206667894
0.86247266411934
0.8618333147035261
0.86151480254316
0.863377200677022
0.8630325459066753
0.8622576788072971
0.8538495831763088
0.8544664191985852
0.8521730880903741
0.8530012803489467
0.8529951910423504
0.8512672495077089
0.8484686842825946
0.8611383684648638
0.8619093395004817
0.8663863913333547
0.8647857790664948
0.8637782730326032
0.8563663292943263
0.8535039185237159
0.8541192940176099
0.8623814984040633
0.8626969864422818
0.8612055697226577
0.8610572988928307
0.8615930423542093
0.8605473189316012
0.8612452028544874
0.8567791041041635
0.8564697951525782
0.8625869775770113
0.8652311823195914
0.8500021140256764
0.8533564781576016
0.8535164584684033
0.8527702262283318
0.8527377406832959
0.8526605830624353
0.8518689066618441
0.8511345023085115
0.8497223336249026
0.8544648923165289
0.8573505680809635
0.8576811292275626
0.8573128536242445
0.8570274892714185
0.8526466357407382
0.8530355040119192
0.852781223541595
0.8522993880198104
0.8531031769106766
0.8521415800842175
0.8522139282140224
0.8552532151300094
0.8549145253203578
0.8528057750496767
0.8584508013841826
0.8536328252470319
0.8528851130488291
0.854357432955095
0.8542447910728929
0.8499435044467553
0.8484051703243538
0.850858475540125
0.8478904157633785
0.8327924028958502
0.8449558318171765
0.8564481387976143
0.8559880201675518
0.8571716420930477
0.8559387127757941
0.8569311181279681
0.8586986158958213
0.8590546844367084
0.8587533630235622
0.8589622050300921
0.8665891529398516
0.8583846324099083
0.855679872132418
0.8558884283417065
0.8560929567696108
0.8544933984225906
0.8623813521073167
0.8667445624292636
0.8535301342195424
0.8657319758834937
0.8653628270029644
0.8699798107550794
0.8509221107277645
0.8512861606723354
0.8521217668209481
0.8535168983699363
0.8547074922559321
0.8524187211571712
0.8526393467447938
0.8613325966499242
0.8492015573822581
0.8493605224103582
0.8495987759704127
0.8483802689594958
0.8482840812361004
0.8523988291218598
0.8522899566777925
0.8528528411131833
0.8531898744940328
0.849926385621647
0.8561878857582703
0.8565175336485741
0.8566388277627559
0.8566658226399135
0.8451794219022877
0.844120624995867
0.854168151109715
0.8550674837446028
0.8538054118152301
0.853281953029471
0.8522526636233888
0.8572992327984074
0.8480292560068222
0.8566431784307791
0.8455312895172661
0.849707175433787
0.8541656876374175
0.866453042125583
0.8558027302589146
0.8570487746090323
0.8460511206612435
0.8498971291113189
0.8551874332928819
0.8461818156792057
0.8407117921662369
0.8534681830001638
0.8542222833456252
0.8360327146286661
0.8384424239556023
0.8193555298343733
0.8550120506675405
0.8563577090070152
0.8581463200290766
0.8556856319281151
0.8549848368753621
0.8410758587956416
0.8433914845349094
0.8433430440886301
0.8395908831460054
0.8395891903353652
0.8417720109302145
0.8409394913336551
0.8405377484003536
0.8425222692399273
0.8429635931119521
0.8418855107360703
0.8419384122543756
0.8493475414262933
0.8466801999221825
0.8456111745288003
0.8461867903120859
0.8458004922479888
0.8458784421266456
0.8427994203681193
0.8544625320467369
0.8526668706158347
0.8526722605781315
0.8537623479417199
0.8570921720148867
0.8586110404338767
0.8562603469784327
0.8559833819598776
0.8541122108004877
0.85421586530908
0.8544178595763695
0.854132417305149
0.8634468221452468
0.8651733742367065
0.8684020435915188
0.87154601819346
0.8339385072752428
0.8482607148113145
0.8292076635039136
0.835386987921892
0.8240404784112383
0.8232073632527408
0.8299178544279506
0.8294954043879958
0.830773908936855
0.8274102874111013
0.8355192717343565
0.8391847577101746
0.8400767862460925
0.8411070706005338
0.8437709246079158
0.847471571139515
0.8561721850008203
0.8637911666887518
0.8632089518325148
0.8637502027329846
0.8694766799139305
0.8676412968051429
0.8664867798817133
0.866642749841296
0.8672174901913062
0.8721473433121159
0.858651491858849
0.8630001051954619
0.8669993073535097
0.8637540512976993
0.8630743301401573
0.8609889068746941
0.8620149918127593
0.8493568218380074
0.8638270075976234
0.8668570171945449
0.8647789121493568
0.8503400238521398
0.8620894816123779
0.8643728540187695
0.8580219932543756
0.8603970048055692
0.8604121616127487
0.8463822265173617
0.8418519125629742
0.8415523550563213
0.8661310281982837
0.861379667151975
0.8633567628834772
0.8623026070870685
0.8626175827303957
0.8661047920433204
0.8692143135879756
0.8689372606528476
0.8568905201419835
0.8563963652399302
0.8564718391026404
0.8568545455107
0.8602600516905274
0.8601388743595546
0.8625859369573767
0.863474243732003
0.8630978300338682
0.8819287766035909
0.8809000401036704
0.8728145222633701
0.8715504928071973
0.8674899543707625
0.8642465513931936
0.8398799542589663
0.8398181683525987
0.8263655756631894
0.845546676702481
0.8441396329177958
0.8642782751150424
0.8457369893407594
0.8485035941448462
0.8641402965956219
0.8648947906553641
0.8648842487370497
0.865217953549469
0.879532012677485
0.8776245330340001
0.8678901671378154
0.866088323974893
0.8655609151057788
0.8662032891621779
0.8667562854357442
0.8664610715174699
0.867622747716475
0.8682314418083785
0.8695412389342403
0.8691363675238901
0.8759069111924997
0.8757414601597617
0.8725221433094874
0.8722798828055468
0.8756707894543347
0.8780055651910431
0.8770411723674926
0.8792266501950003
0.8783839410245375
0.870146894478227
0.8720600210923913
0.8886082644781458
0.883324229523478
0.880945467834435
0.8800594764239622
0.8769346112913116
0.8765750440927031
0.8851701775974201
0.8732060763669369
0.8655737189211332
0.8684712356147513
0.8612560141742704
0.8613238113853617
0.866074423789818
0.8876958727151211
0.8900603368992736
0.8921310019547386
0.889262495482679
0.8887155991259887
0.8893964473609971
0.8639878301590926
0.8560186607120434
0.8553875460225592
0.8541975893425431
0.8587164563673945
0.8583045353252555
0.8568613788473731
0.8562926571817754
0.8533983193694508
0.8557227497978858
0.8629375916514334
0.853634828952613
0.8555227052564187
0.8594508121455319
0.8622169742377459
0.8605369733234489
0.8632736298876722
0.8632004508740142
0.8616495050609521
0.8656564780439749
0.8653899190744528
0.8635457751844812
0.86623910189649
0.8751963570318946
0.8410614835635946
0.8471209676191346
0.8426444539788897
0.8429760812926087
0.842348501387121
0.8417047256316731
0.8425850252892748
0.8428508137887296
0.8647538543614874
0.8812172129580564
0.8755319136907014
0.8714309690728995
0.8708515471992477
0.8308837141066281
0.8312575310759203
0.8339810239931389
0.8269222968380663
0.842339148239093
0.8481686953413341
0.8488454164378118
0.8451548176547344
0.8449079901854478
0.8405842272113665
0.8298277748046891
0.841842585352275
0.8417035913728462
0.8396491689923419
0.8423557992667835
0.8437884646639633
0.8321930294625058
0.8327284092030744
0.8364156069851688
0.8384216580738139
0.8393118473112116
0.8678867814907684
0.87169895841346
0.87306761725796
0.8458648907456693
0.8557861946802073
0.8506449862192664
0.829582889766465
0.8396010233217944
0.8427709880952977
0.8444948719449029
0.8396067633944628
0.824890083430433
0.83216446920949
0.8595602326548767
0.8592533683073742
0.8630278277123105
0.8610250378792333
0.8628300717404972
0.8734466876093894
0.8717135931337603
0.8719431459541304
0.8720554216555311
0.8717161754384286
0.8732185064427997
0.8724656140707534
0.8708509374179892
0.8713710610194482
0.8534201860761119
0.8515549815331256
0.8474944482085888
0.8502170694813597
0.8551376228915429
0.8542837037640917
0.8678285831503005
0.868565025529045
0.8612767563991375
0.8498926346798795
0.8379896076090492
0.8762313375522831
0.8583197885916691
0.8835744328340154
0.8394064141261015
0.8579476725754444
0.8551293603698525
0.8814430747515043
0.8810869887627446
0.880584849937581
0.8543035040786899
0.848744485393638
0.852710929678614
0.878293897892187
0.8786284888058621
0.8789326168771625
0.8811389432760818
0.8802272009909621
0.8821995153804
0.881780746538141
0.8804794215396463
0.8802826251486456
0.8819660525814013
0.8816046631374642
0.8815578908027709
0.8821688876283363
0.8824566618060604
0.8764464533343413
0.8751594420598944
0.8789298129459884
0.8814038730990738
0.8822326541905292
0.8805305309148568
0.8818634463139527
0.8838028093643954
0.8879023318520554
0.8881012015691863
0.888199313664127
0.8790142737701293
0.8810885515763864
0.882224343860748
0.880960183481706
0.8792399197000718
0.883936709612991
0.8835877357899881
0.8791796771787386
0.8789917855740993
0.8803256953096048
0.8828368915896979
0.8826382198845757
0.8853459305913367
0.8837717556223561
0.8815925583022464
0.8892256711156973
0.889906762648678
0.8870504959330462
0.8848779955083406
0.8848777398762828
0.8861904066555784
0.8865958426419742
0.8858794254567937
0.8842854089098819
0.8867107150160989
0.8850130988777645
0.8789924341057055
0.8821002582094596
0.8845630256478828
0.8775994158623309
0.8784544332559838
0.8801622355017964
0.8802630149135283
0.8804453970951402
0.8793893512698701
0.8794240710859378
0.8833359962020656
0.8872717116886301
0.8866344684309719
0.8792666636689387
0.8813799373753587
0.8809288243478997
0.8854590273493873
0.8894825273274022
0.8835145804828198
0.8816455404423231
0.8839603482748918
0.8907320845027138
0.8842093284560901
0.8843879839138814
0.8846589314741256
0.8879178747569592
0.8968860683645885
0.8857660493912638
0.8814336483842595
0.883126188927482
0.8853630328824942
0.8853014492400528
0.8864323837361011
0.8353116535146925
0.8605169682342821
0.8591439199169607
