454.17370289318376 1.8329940701127223
4185.503031632643 1.379008494074074
1259.1291619927822 1.553033210289943
906.0982642714672 1.7400964870509168
1361.4949064268455 1.4922518336157455
1279.2256826570951 1.5259177914891036
3470.7948557254103 1.3804036177777776
548.9468526306152 1.7810732419506388
472.10500196916627 1.8091352339513775
2314.188109310835 1.3966794511111111
583.237539153466 1.7740188203842502
740.0059172283075 1.7656279870509168
740.0059172283075 1.7656279870509168
831.5572929826393 1.7517966537175833
1593.0561890587442 1.4135749511111113
1743.5772890272879 1.4074712844444446
1381.5898689191772 1.4844781066359272
4185.503031632643 1.379008494074074
831.5572929826393 1.7517966537175833
906.0982642714672 1.7400964870509168
2453.664189058744 1.394705451111111
1402.2925907193696 1.4511197229917256
1416.4171475978753 1.4205985014337632
3440.4267555275937 1.3822319511111112
3128.842755527594 1.3871004511111111
3197.2076114846254 1.3831176177777775
1269.0108692235704 1.5498163644318825
2136.480189058744 1.3996614511111114
1405.4239240527031 1.451048556325059
454.5270743558834 1.8240426532737097
2598.965422194261 1.3937889511111112
2855.255511286809 1.3898144511111112
2661.7402095086513 1.3898951177777776
2874.514764135899 1.3881626177777777
1863.080097469232 1.4023754511111115
2057.4935223920775 1.4009795002806027
1441.1852477956918 1.4175353066666667
472.10500196916627 1.8091352339513775
1784.012209508651 1.403609617777778
1279.2256826570951 1.5259177914891036
550.8709310261653 1.7806453203842505
583.237539153466 1.7740188203842502
1579.8080888609277 1.4151357844444448
1368.3417687213605 1.4868973983025937
3183.959511286809 1.384678451111111
2612.2135223920773 1.3922281177777778
2648.492109310835 1.391455951111111
1525.4186207932696 1.4162889511111114
2057.4935223920775 1.4009795002806027
2136.480189058744 1.3996614511111114
1863.080097469232 1.4023754511111115
1429.6652477956918 1.4190376681004295
1525.4186207932696 1.4162889511111114
1756.8253892251041 1.4059104511111113
1770.7820403246758 1.4051715717994764
3142.0908557254106 1.385539617777778
2868.690764135899 1.3882536177777778
3142.0908557254106 1.3855396177777777
2057.493522392077 1.4009795002806027
3142.0908557254106 1.3855396177777777