0.843750
1.000000
0.666667
0.676471
0.862069
1.000000
0.617647
0.906250
0.851852
0.888889
0.437500
0.586207
0.642857
0.571429
0.454545
1.000000
0.956522
0.464286
0.875000
0.888889
0.608696
0.954545
0.450000
0.656250
0.320000
0.931034
0.878788
1.000000
0.607143
0.407407
0.960000
0.529412
1.000000
0.904762
1.000000
0.538462
0.931034
0.409091
1.000000
0.638889
0.885714
1.000000
0.607143
0.444444
0.916667
0.620690
0.541667
1.000000
0.600000
0.777778
0.913043
0.560000
0.741935
0.851852
0.838710
0.722222
0.869565
0.920000
0.777778
0.740741
0.520000
0.333333
0.520000
0.708333
0.384615
0.527778
0.894737
1.000000
0.281250
0.964286
1.000000
1.000000
0.322581
0.791667
0.781250
0.950000
0.043478
0.967742
0.763158
0.214286
1.000000
0.962963
0.851852
1.000000
0.653846
1.000000
0.104167
1.000000
0.791667
0.200000
0.433333
1.000000
0.518519
0.612903
0.653846
0.800000
0.821429
0.769231
0.785714
0.451613
