0.156250
0.680000
0.560000
0.227273
0.212121
0.394737
0.526316
0.454545
0.238095
0.541667
0.586207
0.531250
0.281250
0.333333
0.200000
0.666667
0.172414
0.818182
0.633333
0.034483
0.090909
0.423077
0.709677
0.333333
0.633333
0.240000
0.444444
0.153846
0.434783
0.260870
0.137931
0.259259
0.826087
0.200000
0.318182
0.250000
0.750000
0.818182
0.315789
0.375000
0.500000
0.483871
0.137931
0.476190
0.680000
0.130435
0.040000
0.740741
0.652174
0.464286
0.458333
0.263158
0.450000
0.321429
0.320000
0.391304
0.348837
0.264706
0.142857
0.636364
0.586207
0.300000
0.111111
0.640000
0.291667
0.326531
0.275000
0.468750
0.300000
0.172414
0.724138
0.689655
0.038462
0.391304
0.291667
0.695652
0.285714
0.391304
0.548387
0.343750
0.470588
0.500000
0.320000
0.611111
0.680000
0.296296
0.034483
0.941176
0.185185
1.000000
0.440000
0.360000
0.533333
0.600000
0.117647
0.370370
0.193548
0.565217
0.343750
0.250000
