0.692308
0.411765
0.076923
0.692308
0.642857
0.612903
0.424242
0.558140
0.541667
0.862069
0.510638
0.937500
0.482759
0.500000
0.228571
0.692308
0.916667
0.424242
0.621622
0.800000
0.500000
0.791667
0.461538
0.515152
0.500000
0.225806
0.440000
0.357143
0.583333
0.571429
0.428571
0.222222
0.518519
0.039216
0.851852
0.740741
0.350000
0.838710
0.954545
0.794872
0.809524
0.680000
0.500000
0.466667
0.461538
0.769231
0.500000
0.250000
0.846154
0.818182
0.863636
0.285714
0.666667
0.500000
0.652174
0.500000
0.703704
0.285714
0.947368
0.321429
0.270270
0.310345
0.434783
0.615385
0.720000
0.612903
0.696970
0.782609
0.379310
0.500000
0.952381
0.615385
0.588235
0.607143
0.333333
0.875000
0.142857
0.739130
0.681818
0.111111
0.244898
0.393939
0.720000
0.678571
0.529412
0.954545
0.296296
0.352941
0.791667
0.708333
0.777778
0.535714
0.069767
0.600000
0.541667
0.405405
0.444444
0.148936
0.761905
0.181818
