1.000000
0.941176
0.851852
0.500000
0.727273
0.904762
0.862069
0.525000
0.500000
0.920000
0.256410
0.400000
1.000000
0.809524
1.000000
0.536585
0.357143
0.964286
1.000000
0.694444
0.518519
1.000000
0.700000
1.000000
0.655172
0.928571
0.700000
0.440000
1.000000
0.851852
0.935484
0.777778
0.851852
1.000000
0.689655
0.821429
0.500000
0.333333
0.920000
1.000000
0.764706
0.709677
0.974359
0.766667
0.551724
0.962963
0.760000
0.827586
0.292683
1.000000
1.000000
0.928571
0.642857
0.944444
0.625000
0.851852
0.642857
0.294118
1.000000
0.782609
0.692308
0.793103
1.000000
0.687500
1.000000
0.432432
0.766667
0.281250
0.451613
0.782609
0.689655
0.750000
0.481481
1.000000
0.305556
0.823529
0.388889
1.000000
0.636364
1.000000
0.964286
0.500000
0.368421
0.758621
0.709677
1.000000
0.565217
0.782609
0.709677
0.666667
1.000000
0.909091
0.875000
0.896552
0.750000
0.857143
0.200000
0.931034
0.312500
0.428571
