0.129032
0.423077
0.631579
0.135135
0.320000
0.583333
0.777778
0.264706
0.566667
0.518519
0.903226
0.233333
0.421053
0.260870
0.433333
0.157895
0.125000
0.458333
0.500000
0.212121
0.300000
0.450000
0.461538
0.241379
0.518519
0.290323
0.736842
0.333333
0.241379
0.289474
0.296296
0.103448
0.208333
0.346154
0.176471
0.210526
0.405405
0.125000
0.318182
0.551724
0.809524
0.466667
0.517241
0.136364
0.150000
0.620690
0.413793
0.375000
0.233333
0.020000
0.166667
0.321429
0.195122
0.250000
0.432432
0.413793
0.560000
0.088235
0.629630
0.583333
0.468750
0.147059
0.382353
0.128205
0.321429
0.333333
0.326087
0.133333
0.435897
0.250000
0.850000
0.275862
1.000000
0.333333
0.135135
0.272727
0.304348
0.172414
0.586207
0.368421
0.409091
0.382353
0.148148
0.676471
0.222222
0.160000
0.481481
0.161290
0.423077
0.312500
0.285714
0.303030
0.314286
0.080000
0.150000
0.588235
0.264706
0.312500
0.125000
0.030303
