1.000000
0.633333
1.000000
1.000000
1.000000
0.866667
0.969697
1.000000
1.000000
1.000000
1.000000
1.000000
0.805556
0.625000
0.971429
1.000000
1.000000
1.000000
1.000000
0.814815
1.000000
0.925926
0.793103
1.000000
0.666667
1.000000
1.000000
1.000000
1.000000
1.000000
1.000000
1.000000
1.000000
1.000000
0.741935
0.787879
1.000000
1.000000
1.000000
1.000000
1.000000
1.000000
1.000000
1.000000
0.685714
1.000000
0.894737
0.750000
1.000000
1.000000
1.000000
1.000000
0.909091
0.960000
1.000000
0.444444
1.000000
1.000000
0.862069
1.000000
0.842105
0.703704
1.000000
0.933333
1.000000
0.964286
1.000000
0.965517
1.000000
1.000000
1.000000
1.000000
1.000000
1.000000
1.000000
1.000000
1.000000
0.961538
1.000000
1.000000
0.678571
1.000000
0.866667
0.407407
1.000000
1.000000
0.333333
1.000000
0.900000
0.500000
1.000000
0.760000
0.600000
1.000000
0.588235
1.000000
1.000000
0.761905
1.000000
1.000000
