1.000000
0.807692
0.395349
0.705882
0.533333
0.625000
0.633333
0.846154
0.882353
0.513514
1.000000
0.440000
0.500000
0.955556
1.000000
1.000000
0.944444
1.000000
0.760000
1.000000
1.000000
0.400000
0.566667
0.750000
0.833333
1.000000
0.333333
0.838710
0.687500
0.548387
1.000000
0.840000
1.000000
0.884615
0.310345
1.000000
0.875000
0.416667
0.481481
0.400000
0.937500
0.800000
0.960000
0.707317
0.961538
1.000000
0.404762
0.760000
0.586207
0.806452
1.000000
1.000000
1.000000
0.965517
1.000000
1.000000
1.000000
0.228571
0.942857
1.000000
0.882353
0.640000
0.571429
0.909091
1.000000
0.538462
1.000000
0.967742
1.000000
0.666667
0.750000
0.960000
1.000000
1.000000
1.000000
0.250000
0.517241
0.783784
0.541667
0.400000
0.777778
0.666667
0.968750
0.586207
0.903226
0.486486
0.346154
0.628571
0.666667
0.481481
0.560000
0.758621
0.513514
0.500000
0.758621
0.575758
0.386364
0.714286
0.818182
0.658537
