0.481481
0.851852
1.000000
0.962963
1.000000
1.000000
1.000000
0.575758
0.592593
0.538462
1.000000
1.000000
1.000000
1.000000
1.000000
0.710526
0.961538
0.666667
1.000000
1.000000
1.000000
0.520000
1.000000
1.000000
0.680000
0.655172
1.000000
0.952381
1.000000
1.000000
1.000000
0.769231
0.885714
0.666667
0.692308
1.000000
0.941176
0.695652
0.718750
1.000000
0.888889
0.833333
1.000000
1.000000
0.666667
1.000000
0.906250
1.000000
0.909091
0.892857
1.000000
0.678571
0.953488
1.000000
1.000000
0.766667
0.595745
0.766667
1.000000
0.827586
1.000000
1.000000
1.000000
0.913043
1.000000
1.000000
0.882353
1.000000
1.000000
1.000000
1.000000
0.666667
0.714286
0.421053
1.000000
0.931034
1.000000
1.000000
1.000000
0.880000
1.000000
1.000000
0.965517
1.000000
1.000000
0.843750
1.000000
1.000000
0.862069
0.782609
1.000000
0.846154
1.000000
0.961538
1.000000
0.454545
0.722222
0.718750
0.774194
1.000000
