0.0 0.9923517514489179 0.5096678213128307 0.10536528367822054
1.0 1.1897275523905023E-4 0.3752775529649585 0.0
0.9419790119855581 0.004198038649149348 0.366537301271018 0.2473075800502957
0.4499056417861494 0.0 0.3752890225168536 0.0
0.3643121813730254 0.012237197681730897 0.3131537877017249 0.44453320744258534
0.02129366086709755 0.5196899909920628 0.263255684729054 0.1932229831709445
0.06564464880071806 0.024593368118700845 0.21133024503763587 0.13231946025259972
0.053699372117804865 0.10005608715604135 0.08866824428342775 0.18362230918344571
0.004410355238571291 0.9332052959872187 0.5781122950199756 0.14836476671484036
0.17025054083494792 0.020259360606421153 0.2584190335112217 0.37280720032865994
0.06089439632341703 0.02561313459217842 0.17256352286549997 0.1229286051856415
0.3918099465976732 0.008158131787820596 0.3286556267247428 0.34958732787385544
0.19500024859446932 0.013120995292078129 0.282183754755861 0.3112662082822476
0.05060321621965054 0.16073219232795707 0.04505555726930516 0.1952743280292208
0.024658540996950633 0.3983377806482318 0.1916004286865413 0.18086519519489574
0.01678086878539432 0.5778166799802845 0.49040548264166073 0.3128393184421495
8.937535916795496E-4 0.9923517514489179 0.5627824821476017 0.10536528367822054
0.0152785483943391 0.6369631354419838 0.4208122156302059 0.33220645249805475
0.949347056331167 0.004198038649149348 0.37479440563098154 0.2486121470667141
0.030016000155852225 0.32287506161089136 0.22607528418888043 0.1824528974940234
0.00719515646345295 0.8337780648231553 0.6778649460185334 0.28971511656556115
0.03341480109531266 0.261689073202237 0.08468491471531442 0.18537704434090507
0.17982079070018986 0.014140761765555704 0.2360166627804851 0.30536159052570994
0.012905480141320844 0.6461410337032819 0.43983965817055204 0.32587682147006725
0.022543606916725707 0.4585040025834085 0.23987605288772373 0.19301833314563227
0.010066657570617301 0.6910107585362952 0.5070702886743231 0.294460540219628
0.00926983649975037 0.7379200163162635 0.49251806686423777 0.2517000949486303
0.0058743211026247594 0.8949640532318097 0.6438116014484067 0.3105888095960614
0.01210865907045391 0.6920305250097727 0.39334244484659275 0.3162275757932303
0.059374552856920955 0.08679912300083288 0.03594024737748811 0.1665003297869443
0.055245513318564504 0.056206128796505654 0.19386223363520186 0.1742148593757201
0.4168208768535238 0.005098832367387872 0.36114601539208846 0.2616884608584059
0.05938712541731047 0.08679912300083288 0.03600769073141762 0.1665003297869443
0.03804202590534185 0.1994833183201049 0.14469281637443449 0.19984271351619273
0.01666910074815586 0.578836446453762 0.48866596518827704 0.29379065294030954
0.03689743446024614 0.21579958189574613 0.0846846204992088 0.18715209056912044
0.0065213230680251505 0.8720193075785643 0.6688140131177944 0.30557488551599893
0.02184301377085373 0.45952376905688613 0.249866749410958 0.17921919191248348
0.05524535619115561 0.056206128796505654 0.19386157385578262 0.17421485937572015
0.028185389814623808 0.352448289341741 0.2307809212332149 0.18994501627242283
0.04805082027075091 0.15359382701361401 0.04850992797419098 0.1837097558930842
0.17025082719335916 0.020259360606421153 0.2584196798060211 0.37280720032865994
0.03524477770864725 0.23007631252443217 0.10150540488097333 0.1956022701010463
0.03127520675981404 0.2769855703044006 0.12787059937698272 0.1784653960023864
0.026746114855248592 0.3983377806482318 0.21216476834895392 0.18086519519489574
0.028185446922761617 0.352448289341741 0.2307810954492743 0.18994501627242283
0.040824100350026066 0.1831670547444637 0.09217950990072805 0.20004468219979354
0.43636458684814966 0.003059299420432723 0.3755327082611658 0.19425382375319794
0.4498670313930237 0.0 0.37523549264718786 0.0
0.42249783214764974 0.005098832367387872 0.35894782880998993 0.2616884608584059
0.00926983649975037 0.7521967469449494 0.5188189970417039 0.24915452115186437
0.03989483925433969 0.18520658769141884 0.08543914970275121 0.18882204569516467
0.03127520675981404 0.2769855703044006 0.12787059937698272 0.1784653960023864
0.436325976455024 0.003059299420432723 0.375481070481825 0.19425382375319794
0.04175827065945731 0.15359382701361401 0.0721333868355535 0.1837097558930842
0.00719515646345295 0.8337780648231553 0.6778649460185334 0.28971511656556115
0.026323945505994945 0.3830412835460682 0.2331944672446621 0.18452964576797962
0.03524477770864725 0.23007631252443217 0.10150540488097333 0.1956022701010463
0.026323945505994945 0.3830412835460682 0.2331944672446621 0.18452964576797962
0.04011995728358634 0.1831670547444637 0.08909320789126188 0.2000318275100236
0.026323945505994945 0.3830412835460682 0.23319446724466225 0.18452964576797962
0.04175831293035128 0.15359382701361401 0.07213356785011965 0.1837097558930842
0.055245513318564504 0.056206128796505654 0.19386223363520186 0.1742148593757201
0.05938695476937629 0.08679912300083288 0.036006775382877186 0.1665003297869443
